RA1	RA2	RC1	RC2	WO1	WO2	CC1	CC2	CC3	CC4	DM1	DM2	SS1	SS2	PS1	PS2	SE1	SE2	SE3	ELC1	ELC2	ELC3	ELC4	ELC5	EE1	EE2	EE3	DP1	DP2	PA1	PA2	PA3
1	1	3.67	3.5	1	1	3	3.67	3.67	4	6	6	6	6	6	6	4	4	4	2	2.25	3.4	1.25	2.8	1.33	1.33	1.67	1	1	6.8	6.5	6.67
1.33	1.5	2.33	3.5	3.33	1	3	2.67	2.67	3.5	3.33	6	6	5	3.67	3	4	4	4	3.2	3.75	3.6	2.5	2.4	1.67	1.67	1.33	1.33	1	5.67	5.5	6.67
2.33	2	3.33	3	3.33	2	2.67	2.33	3	3.5	3.33	4.5	4.67	4.5	4.33	4	3.33	4	3.67	3.6	3.75	3.4	3	3	5	5.67	4.33	3.67	3	5.67	6	4.67
1.67	1	3.33	2.5	2.33	1.5	3	2.87	3.63	3.65	4	4	5.33	6	5	5	3.67	4	3.33	1.6	3.1	2.6	1.75	2.6	3.33	3.67	3	3.33	3	7	6.5	4.67
3.67	3.5	3.33	5	2.67	5.5	3	4	4	4	3	4.5	6	6	4	4.95	4	4	4	3.6	3	2.8	2	2.4	4	5	4	1	1	5	6	7
1.33	1.5	2.33	2	2	1	3	3	3.33	3.5	4	5	5	5.5	5.67	6	4	3.25	4	3.4	3	3.2	2.75	2	3	3	2.67	1.33	1.6	6.33	5.5	5
3	1.5	2.67	2	1.67	1	3	2.33	2.67	3.5	4.33	3.5	4	3	3.67	3	1.67	3	3	2.4	2	2.6	3.5	3	2	1.67	2.33	3	1	6.33	6.5	6.67
3.67	2	4	3.5	5	5	2.67	2	2.33	3.5	3.33	3	4.33	4.5	4.33	5.5	3.33	3.25	2	3.6	3.25	3.4	3.5	2.4	6.33	6.67	4.67	1.33	1	4	4.5	5.33
2	2	2.33	2.5	2.33	2.5	2.67	2.67	2.67	3.15	3	5	5.67	5	5.33	5	3.67	3.25	3.33	3	2.25	2	2.55	2.2	3.33	4	2.67	3.67	3	6.33	6.5	6.67
3.67	2.5	4.33	6	4	3	2.33	1.33	2.33	3	5	5.5	5.67	6	5	6	3.33	2.25	2	3.6	3.25	3.6	4	3.6	5	6	6	4.67	5	3.33	4	4.33
1.33	1.5	3.33	2.5	2.67	1.5	2.67	2.33	3	3.5	5.67	6	6	6	6	6	4	3.25	4	2.2	2.75	2.4	1.25	1.8	1.33	2	1.33	1	4	6.67	5.9	7
2.33	2.5	3.67	2.5	2	2	3.33	3	3	3.5	3	5	5	5	5.33	5.5	4	4	3.67	3	3.5	3.8	3.5	3	2	1.67	2	1.33	1.5	6.33	7	5.33
2	2	2.33	3	2.33	2	3.33	3	3.33	4	4.33	3.5	5.67	5.5	6	6	3.67	3.75	3	2.8	3	2.4	2.25	2.4	2.67	3.33	2.33	1.67	2.5	6.67	6.5	6.67
1.67	1	1	3	4	1.5	2.67	2.67	3	2.5	4.67	5.5	6	6	3.67	3	4	3.25	4	2.6	3.75	2.2	1.75	2.8	6.33	4.67	3.67	4	3	6	6	6.67
1	1	1	1	1	1	4	3.33	4	4	5	6	5.67	5.5	6	6	3.67	3.5	3.33	2.2	3	2.8	1	3.2	2	1.33	1.67	1.33	1	6.67	6.5	6.67
2.67	2.5	3.33	4.5	2.33	1	3.33	3	4	3.5	5.67	5.5	6	6	6	6	3.67	3.5	3.33	2.8	2.75	3	2.25	2	3.67	3	2.33	2	1.5	5.33	6	5
1.33	1.5	2.33	1.5	1.33	1.5	3.33	3.67	3.67	4	3.33	5	3.67	5	5.67	5	4	4	4	3.2	2	2	1.5	1.2	2.67	2.33	2	1.67	1	5.67	6	6.33
1	1	2.13	1.5	4.33	3.5	2.33	2.67	3	2.5	6	5.5	5	6	6	6	3.67	3.25	4	2	1.75	1.4	1.25	1.2	5.33	5	4.67	1	1	6	7	7
1	1	2.33	2.5	2.33	1.5	3	4	3.33	4	1.67	3.5	2.67	5	2.33	3	4	4	3	2.6	3.5	1.4	1.5	1	6.33	4	4	2	1.5	7	7	6.67
3	3.5	3.8	4	3.67	4	2.67	2.67	2.67	3	2.67	4	3.67	4	3.67	4	3	2.75	2.67	3	3.5	3.2	3	3.4	5.33	5.67	4	2.77	1.6	4.8	4.65	5.93
3.33	2.5	4.33	3	4.33	5	2.67	2	2.67	2.5	2.33	3	2.67	3.5	3.33	4	3.67	4	3.67	3.4	2.25	3	2.5	2.2	4.33	4.67	4.67	1	2.5	5.67	5	5.67
1	1	1.33	2.5	4.33	3	3	2	3.33	1	4.33	6	5.33	6	6	6	4	3.75	3.67	2.6	2.5	2.6	2	1.6	4.33	4.67	3	3	1.5	6.33	6.5	6.67
4	6	6	5.5	6	1	3.67	3	3.67	3.5	1	2.5	4	4	3	4	4	4	4	3.2	4	3.8	2.25	5	6	5.67	5.67	1.33	1	6	6.5	7
1.67	1.5	4	5	2.67	1	3.67	2.67	3.33	3	5.33	5.5	6	5.5	4.33	4.5	4	4	4	2.4	2.75	2.8	2	2.4	2.67	2.67	1.67	2	2.5	6.67	7	7
1.67	1	3	1.5	4.33	3	4	3.67	4	4	6	5.5	4.67	5	6	6	4	4	4	3	2.5	2	1.5	1.2	1.33	1.33	1.33	1	1	7	7	7
3.67	2.5	3	3	2	2.5	3.33	2.67	3	3.5	3	1.5	4.33	4	4	5	4	4	3.33	3.2	4	3.6	3	2.4	3.33	4	3	4.33	4	5.67	6	6
4.33	2.5	3.33	4.5	5	4	2.67	2	2.33	4	2	2.5	4.67	3.5	4.67	3	3.67	4	3.67	2.8	3	2.6	2	2.2	4.33	4.33	3.67	1.33	1	5	6.5	5.67
2.33	3	4.13	4	2.67	3	2.67	2.33	2.67	2	1.67	4	3.67	4	3.67	4	3	2.75	2.67	1.8	2.75	2.4	2.75	2.4	2.67	2.67	2.33	3	1.5	4.33	4.5	5.33
2.33	2.5	4.33	4	3.33	4.5	3	2.67	3.33	3.5	3.33	4	4	4	5	4.5	3.33	3.5	3	3	2.5	2.6	1.75	2.86	4.33	5.67	5.33	4	3.5	5	5.5	5.67
1.67	1.5	2.33	3	3.67	3	2.67	3.67	3.33	4	4.33	4	4.47	5	5	4.5	4	4	3.33	2	2.5	2.6	1.5	2	4.33	4.33	2	3.13	1	7	7	6.67
3	2	3.33	3	4	2	2.33	2.67	2.33	2.5	4	4.5	4.67	5	5	5	3.67	4	4	2	3	2.6	3.5	2.4	3.67	4	3	2.67	3	6	6.5	6.33
3.67	2.5	3	4	4.33	2	2	1.33	1.67	1	1.33	3	1.33	1.5	6	6	4	4	4	2.8	2.5	2.4	1.5	1.64	6	4.67	5.33	1	1.5	6.33	6.5	7
3	2	2.33	2	3.33	1	3	2.33	3.33	2	5.33	5.5	3.67	5	5	5	2.67	2.5	2.33	2.4	3	2.8	2	2	2.33	2.33	4	4.67	2.5	7	7	7
2.33	1	1.33	1	1	1	3	2.33	2.67	2.5	4.33	6	6	6	6	6	4	4	4	2.4	2.75	3	2.75	3	1.33	2	1.33	2	6	7	7	5
1.33	1	2.33	1.5	2.33	1	2.67	3	3.33	4	5	6	4.33	6	4.67	4.5	4	4	3.33	3.6	3.25	3.6	2	1.4	1.67	1.67	1.67	1	1.5	7	6.5	7
2.33	1.5	1.67	2	2.33	1.5	3.33	2.67	2.33	2.5	3	5	4.33	5	4.67	4.5	3.67	3.5	3.33	3	2.75	3.6	2.5	3.4	3.33	4.33	3	2.67	2.5	6.33	6	4.33
1.67	1.5	4	3.5	4.67	2.5	3	2.67	3.33	4	2.67	3	3.33	5	5	5.5	4	4	3.67	2	3.25	2.4	2.25	2.2	4.33	4	3.67	1.67	1	6.33	7	6.67
1	1	2	1.5	2	2	3.67	2.67	2.67	3	5.67	6	6	6	6	6	4	4	4	2.6	3.5	2.2	2	1.8	3.33	3	3	2	1	6.33	5.5	5.67
2.33	1.5	3	2	2.67	2	2.67	2.67	2.67	3	3.33	5	5	5	5	5	4	4	4	2.6	3.25	3.2	2.75	2.6	1.33	2	1	1.67	2	6.67	6.5	6.33
2.67	2	3	3	5.67	2	3.33	3	3	4	4	6	4	5	5.33	5	3.67	4	4	2	2.5	2	1.75	1.2	4	3.67	3	1	1.5	6.33	6.5	7
1.33	1	2.67	1.5	2.67	2	4	2.67	4	4	6	6	5.33	6	5.67	6	3.33	3.75	3.33	2.6	1.75	3.2	3.5	2.6	2.33	2.33	1.33	2	1	7	7	7
1.33	1.5	4.33	5	5.33	5	3.33	2.67	3.33	4	3.33	5	5	6	5	5.5	3.33	3.75	3.33	2	4.25	2.6	1.5	1.6	6	6.67	6.67	3.33	1.5	6.67	6	6.67
1	1	2	2.5	1.33	1	4	3	3.67	4	5.33	5.5	5.67	5.5	5.67	5.5	3.33	3.75	4	3.6	2.75	2	1.75	1.4	1.33	1.33	1.33	1	1	7	7	7
1.67	1.5	1.67	2.5	1.67	2	2.67	3.33	3.33	4	3.67	3.5	4.33	5	5.33	5.5	4	4	4	1.4	2.75	1.8	1.25	1.6	4	2.67	2.33	1	1	6.33	7	7
2	2.5	5	3.5	4.67	2.5	2	1.33	2	2	3	3.5	3.67	4.5	2	4.5	2.67	3	2.67	3.2	3.25	2.8	3.25	2.4	4	3	4	4.67	1.5	6	6	6
2.67	1.5	4.33	1.5	3.67	1	3.67	4	2.67	4	4.33	5.5	5	5	4.67	5	3.67	4	4	1.8	1.75	2	1	1.4	2.33	2.33	1.67	1	1	6	7	7
3.67	3	4	4.5	4.33	4.5	2.67	3.33	3	4	3	4.5	4.67	3.5	5.33	4.5	2.67	3	2.67	3.2	3	2.8	3	3.8	4	4.67	5.33	1	1	5.33	7	6.33
2.33	1	2.33	2	3.67	1	4	3	3	2.5	3.67	6	5.33	5.5	6	6	4	3.75	4	2.6	3.25	3.2	2.75	3.2	4.33	4.33	4.33	2	1	6.67	7	7
3	2.5	3.67	3	5	2	3.33	2.33	2.67	2.5	3.33	5	3.33	5	2.67	4	3	3	3.33	2.8	3.25	2.6	2.5	3	3.33	4.33	4	1.33	3	5.33	4.5	6.33
2	2	4.13	3	3.67	2	3.67	3.87	3.3	3.65	5.33	6	5.67	6	4.67	4	3.67	3.75	3	2.2	3	2.52	1.8	2.7	4.33	3.33	3.33	1	1	6.67	7	7
2.33	2	1.33	3	4	3.5	2	1.33	2.33	2.5	4	3.5	5.67	5	5.33	3	3	3.75	3.67	3	3.75	2.6	2.5	1.6	4	4.33	5.33	2.33	1.5	5.33	4	4
2	2	3.33	3.5	3.33	3.5	2.67	3	3.33	3.5	5	5	5	5	5	5	3.67	3.75	4	2.6	3.25	3.2	2	2.6	3.67	3.33	2.33	2	1.5	6.67	7	7
2	2.5	4	2.5	3.67	2	3.33	2	2.67	3.5	3.33	5	4.67	5	4.67	4.5	4	4	4	3	3.5	3	2.5	2.6	1.33	1.33	2.33	1	1	6.33	6.5	6.33
1	1	1.33	1	2	1	3.33	3.67	3	4	5	5.5	6	5.5	4.67	4.5	4	4	4	2.6	2.25	2.8	2.25	2.2	1.33	1.33	1.33	1	1.5	7	7	6.67
2.33	1.5	2.33	3	1.67	1.5	3	2.33	3	3.5	4.33	5.5	3.67	4	5	5	3.33	3.75	3.33	2.6	3.25	2.8	2	2.2	3	2.33	3.67	3.33	2	6.67	7	5.67
3	1.5	1	1.5	1.67	1.5	3.67	3	3.67	4	4.67	6	6	6	5.33	5.5	4	4	4	2	2.5	2.4	1.75	1.8	1.33	1	1.67	1.33	1	7	6.5	7
5.33	3.5	4.67	3.5	5	4	3	2.67	2.67	3	1	1	1.33	1	5.33	3.5	3.67	4	3.67	3.4	3.25	3.6	3	2.4	4.67	3	4.67	1.33	2.5	6.13	4	4
2.33	1.5	2.67	4.5	4	2	3	3	4	3.5	3.67	3	4.33	3.5	5	4	3.67	3.5	3.33	3.4	3.5	2.8	2.5	2.8	4.67	6.33	3	1.67	3.5	7	7	6.67
2	1.5	3	2.5	3.67	1	3	3.67	4	4	2.67	5	5.67	5.5	5	5	3.33	3.75	3	3.4	3.5	3.8	2.25	3	4	4.67	3.33	3	2.5	6.33	6	6.67
2.33	2	4.67	4	4	4	2.33	2	1.67	1.5	2.67	1	1.33	1	5.33	5	3.67	4	4	3.6	3.5	3.8	3	2	3.67	4	3.33	3	1	7	6.5	6.33
2.33	2	2	2	2.33	1.5	3.33	3.33	3	3.5	4.67	5.5	5.33	4.5	5	4.5	3.67	3.25	3.67	3.2	3.5	3.4	2.5	3.2	2	2.33	1.67	1	1	6	7	6
2.33	3.5	2	2	2.67	2	4	3.67	3.67	4	5.33	6	5.33	5.5	5.67	5.5	4	4	4	2.6	2.5	2	1.25	2.4	2.33	1.67	1.33	1.33	1	7	7	7
2.33	1	3.67	5.5	4.33	2	3.33	4	3.67	4	5.33	6	6	6	6	5.5	4	4	4	3	3.5	3.6	2	2.6	4.33	2.67	2	1.33	1	7	7	7
4.33	5	2.33	3.5	2.67	1	3	2	2.33	3	4.33	4.5	4.67	3	5.33	5	4	4	4	2.6	3	2.8	3	2.2	4.67	6.67	3.33	1.33	1	4.67	5.5	5
1.67	1.5	2.67	2.5	2	1.5	2.67	2.67	2.67	2	4	4.5	5	4.5	4	4.5	3.33	3.75	3.33	2.6	3.5	2.8	2.75	2.4	5.33	5.33	5	2.67	4	5.33	4.5	6
2.67	2	2.67	5.5	4.67	1.5	3.67	3	2.67	4	4.67	5	3	3.5	5.33	5	4	4	3.67	3.8	3	3	3	3.2	3.33	4	2	1	1	6.67	5.5	6.67
4.67	4	3.33	5	2.67	4.5	3.67	3.67	3.67	3.5	3.33	5.5	3.67	4.5	4.33	4.5	3	3.5	3.67	2.4	3.5	3.2	2.25	3.4	4	4.33	4	2	2.5	4.33	4	4.67
2	1.5	1.67	3.5	2.33	1.5	3.67	3.67	4	4	4	3.5	5	4.5	3.67	3.5	3.67	2.75	2.67	2.4	3	2.6	2	1.6	2	2.33	2	1	1	7	7	5
1.67	1	3	3.5	2	1.5	3	2.33	3	4	4.33	3	4.33	3.5	6	5	4	4	4	2.6	2.75	2.6	2.25	2.2	3.67	3	3.33	2	2.5	5.33	4.5	4.33
4.33	3.5	6	4.5	6	2	2.67	3.33	3.67	3	2.33	1	1	1.5	4	4	3.33	3.5	2.33	3.4	4.25	3.6	3	4.2	7	7	7	2.67	3	5.67	7	4.33
3.2	2.5	2.67	2.5	3	1.5	2.33	3	3.33	2.5	2.67	2.5	3	3	3	3	3.33	3.75	4	2.8	3	3	3.25	2.6	2	2	2	1.67	1.5	5.33	6.5	5.67
4.33	4	3.33	5	3	6	3	3.33	2.67	4	3	5	5	5.5	5	5	4	3.75	3.33	2.8	4	2.6	2.5	3.4	5	4.67	3	1.67	1.5	6	5	6.33
2.67	2	2.67	5.5	4.67	1.5	3.67	3	2.67	4	4.67	5	3	3.5	5.33	5	4	4	3.67	3.8	3	3	2.75	3.2	3.33	4	2	1	1	6.67	5.5	6.67
4.67	4	3.33	5	2.67	4.5	3.67	3.67	3.67	3.5	3.33	5.5	3.67	4.5	4.33	4.5	3	3.5	3.67	2.4	3.5	3.2	2.25	3.4	4	4.33	4	2	2.5	4.33	4	4.67
2	1.5	1.67	3.5	2.33	1.5	3.33	3.67	3.67	4	4	3.5	5	4.5	3.67	3.5	3.67	2.75	2.67	2.4	2.5	2.6	2.25	2.6	2	2.33	2	1	1	7	7	3.33
1.67	1	3	3.5	2	1.5	3	2.33	3	4	4.33	3	4.33	3.5	6	5	4	4	4	2.6	2.75	2.6	2.25	2.2	3.67	3	3.33	2	2.5	5.33	4.5	4.33
4.33	3.5	6	4.5	6	2	2.67	3.33	3.67	3	2.33	1	1	1.5	4	4	3.33	3.5	2.33	3.4	4.25	3.6	3	4.2	7	7	7	4.67	3	5.67	7	4.33
3.33	2.5	2.67	2.5	3	1.5	2.33	3	3.33	2.5	2.67	2.5	3	3	3	3	3.33	3.75	4	2.8	3	3	3.25	2.6	2	2	2	1.67	1.5	5.33	6.5	5.67
4.33	4	3.33	5	3	6	3	3.33	2.67	4	3	5	5	5.5	5	5	4	3.75	3.33	2.8	4	2.6	2.5	3.4	5	4.67	3	1.67	1.5	6	5	6.33
2.33	2	1.67	3.5	2.33	4	2.67	1.33	2.67	3	4	5.5	5.33	5.5	5.67	4.5	4	4	4	2.6	3	2.8	2.75	2.4	5	4.33	2	3	3	6.33	5.5	5.67
2.67	2	3.33	3.5	2.67	2.5	3	2.33	3.33	3	3.67	4	4	4.5	3.33	3	3.33	3.25	3.33	3.2	2.75	2.8	2.75	3.2	3.33	4	4	2.33	1	5.67	6	4.67
1.67	1.5	3	4	4	3.5	2.67	2.67	3.67	3.5	4	5.5	4	4.5	4.67	4.5	3.67	4	4	3.2	2.25	2.4	2	2	6	3	2.67	1.33	1	4.13	5	4.27
2.33	3	2.67	3.5	3.67	3	3.33	3.33	2.33	3.5	4.67	5	5	5	5.33	5	3	3	2.33	3.4	4	3.4	2.75	3	6.33	6.67	6.33	5.67	5.5	5.33	6	6
1.67	2	4	5	2.33	2	4	3.33	4	4	4	2	3.33	4.5	3.67	5	3.33	4	4	3.6	3.75	2.2	1.25	2.8	4.67	6.33	5	1.33	1	5.67	6	7
1	1.5	1.33	3	1.33	1	3	2.67	3	3.5	3.33	4.5	4	4	4.67	4	3.33	3.25	2.33	4.2	4	3.4	4	4.2	3	4.67	4	2.67	1	5	5	5.33
1.33	1	3.67	1.5	3	1.5	2.67	2.33	2.67	3	6	6	6	6	6	6	4	3.25	4	2.2	2.25	2.8	2	1.8	2	2	2.33	1	1	5.67	6.5	7
1.67	1.5	1.33	3	2.67	2	3	2.33	2.33	3.5	4.33	5.5	6	6	5.67	5.5	3.67	3	2.33	4.2	3.75	2.8	2	3.4	1.67	2.67	2	2	2	4.33	5.5	5.67
2.67	1.5	2.33	3	3.33	6	2.67	2.67	2	3.5	5.33	5.5	4.33	6	6	6	4	3.75	4	3.2	4	2.2	3.25	3.4	3.33	1.67	1.67	1.67	1.5	4.67	4.5	6.33
1.33	2	3.67	5	4.33	2	3	3.33	3	4	3.33	3	1.33	2	6	6	3.67	4	3.67	2.4	2.75	3.4	3	3	5	4.67	2.67	1.67	1.5	7	7	6.67
1.33	1	2.33	3	2.33	1.5	4	2.33	3	3.5	5.33	5	5.67	5.5	5.33	4.5	4	4	4	2.2	2	2	1	1	2.33	2.67	2	1.33	2	6	5.5	6.67
3.67	4	4	4	3	2.5	3	2	2.67	3.5	3	2.5	1.67	2	3.33	3.5	3.33	3.5	3	2.8	3.25	3	2.25	3.2	5.67	6	5	3.67	3.5	5.67	6	5
4.67	2	4.33	3.5	3	1.5	4	2.33	3.67	3.5	3.33	3.5	2	3	3.67	4.5	3.33	3	2.33	3	3.5	2.8	1.5	2.6	3.33	3.67	2.67	1	1	6.33	7	6.67
1	2	2.67	5	3.33	3.5	3	2.67	2.67	4	4.33	4	4.33	3	4.33	4	3	2.5	2.67	4.2	4.5	3.6	3.75	4.4	4.67	4	4.67	4.33	2	5.33	5.5	5.67
2.67	2.5	3.67	3.5	4.67	2	2.67	3	3.33	4	5	5.5	5	5	5.67	5	4	4	3.67	2.6	3	2.4	2.25	3.4	5	3.67	2.67	2.33	1.5	7	7	7
3	3	4.33	4.5	4.33	4.5	2.67	2	3.67	3.5	4	5	3.33	4.5	4.33	4.5	3.67	3	3.47	3	2.5	3.4	3	2.8	3.33	4	4	1.33	1	6.67	7	7
1	1	1.33	4.5	2.33	3	4	3	4	4	4.67	5	5.67	6	4.67	5	3.67	3.75	3.67	3.2	3.25	3.8	2.75	3	2.67	2.67	2.33	2.67	1.5	6	6	6.33
1.67	3	2.33	3	3	2	2	1.33	3	4	2.33	4.5	4.33	5	4.67	5	2.67	4	2.67	2.4	4.25	3.4	2.75	2.2	3.33	4.67	4.67	2	2.5	5	6	5.33
1.67	1.5	3	1.5	3.67	1	3.33	3.33	4	4	3.33	5.5	5	6	5.33	5	3.67	3	3.33	3.2	3.25	3.4	2.75	3.4	3	2	2	1.33	1	6.67	7	7
1	1	3	3	2	3.5	3	2.67	3.67	3.5	4.33	6	3.67	4.5	3.33	4	4	4	4	3	3.25	3.4	2.5	2.4	2.67	1.67	4	4	2.5	6.67	5	7
2	3.5	4.33	4	4	2.5	2.67	1.67	2	2.5	3.33	4	4.67	4	4	4	4	4	3.33	2.4	3	3	1.75	2.2	3.67	4	3	2	1	6	3	6.33
1.67	1.5	2.33	1	1	2.5	2.67	3	4	3.5	5	4.5	5.67	6	4.67	5.5	4	4	3.6	3.4	2.75	2	2.5	2.2	2	2	2	1.33	1.5	7	4.5	6.67
3	1	3	1.5	2.67	2	2.67	3	3.67	4	3.67	3.5	5	6	5.33	5.5	4	4	4	3.6	4	3.2	2.75	3.6	2	3	1.67	1.33	1	5.33	7	7
1.67	3	4	2	3	2.5	3	2.33	2.67	3.5	4	5	4.67	5	4	5	4	4	4	2.4	2.25	3.2	1.25	1.4	4.33	2.67	2.33	2.33	1.5	5.67	5.5	6
3	2	3.67	3	5	3	2.67	3	3	2.5	3.33	4.5	3.67	4.5	5	5.5	3.67	2.75	2.67	3.8	2.75	2.8	2.5	2.8	6.67	5	4	2.67	4.5	7	7	6.33
3	2.5	3.67	3	4	4	2.67	2.33	2.33	2.5	2.67	4	3.67	4	3.67	3.5	3.67	3.5	3	3.2	2.75	3.2	3	3.2	3.67	3.33	3.33	3.33	3	5.67	5.5	5.33
1.67	1.5	2.67	1	2.33	1	3.33	3.67	3.33	4	5	5.5	6	5	5.33	4.75	3.33	4	3.67	3.2	3.5	3.6	1.67	3	1.67	2	1.33	1.33	1	5.67	5	5.67
1.67	1.5	3.67	1.5	4	3.5	3.67	3.67	3.67	4	5.67	6	6	6	6	6	4	3.5	3.67	3	3.5	3.4	3	3.6	4.33	2.33	3.67	2	1	5.67	7	7
2.33	1	2	3.5	3	2	3	3.33	3.67	4	5	5	6	6	6	5.5	4	4	4	2.4	3	1.8	2.25	2	3.67	3.67	2.67	2.67	2	6.33	6.5	5.33
1.67	2	4	3.5	3.33	1.5	3.33	1.67	2	2.5	4.33	5	5.33	5.5	5	5.5	4	4	3.67	2.4	2.5	3.2	3	2.8	5	3.33	5.67	2.67	1.5	6.67	6.5	6.67
4	4	2	3	4	3	2.67	3.67	4	4	2.67	3.5	2.33	2.5	5	5	3.67	4	3.33	2.4	2.75	3	2	2.6	3	3	2.67	1.33	1.5	6	6	6.33
3.67	1.5	1.67	3	4	2	2.33	2.33	2.67	3.5	4	6	5.33	5	5.33	6	4	3.5	3.67	3	2.5	2	2.25	1.8	4	2.33	2.33	3.67	4	7	6.5	6.67
2.67	2	2.67	2.5	3.33	2	3.67	3.33	3.33	4	4	5.5	5.67	5.5	4.67	4.5	3.67	4	4	2.6	3.5	3.4	2.8	2.6	2.33	3.67	3.33	2.33	1	6	5	4.67
4	3.5	4	4.5	3	3	2	1.67	3	2.5	3.67	3.5	2	2.5	5.67	5	3.33	3.5	3.33	3.4	3.5	3.8	3.75	3	2.67	3.67	2.67	3.33	2	5.67	6.5	5.67
1.67	1	1	3	3.67	3.5	2.67	2.67	3.67	3.5	5.33	5.5	5.67	6	5.33	4.5	4	4	4	2	3.25	2.4	2.05	2	3	2	1.67	1.33	1	6.67	7	5.67
2.33	1	1.67	4.5	3.67	5	3	2.33	3	3.5	4	4	3.67	4	3.33	3.5	2	2	2	2.2	1.25	1.4	1	1.2	5.67	5.67	4	5.67	7	6.33	6	7
4.33	3	3.67	5.5	3.67	2.5	4	2	2.33	2.5	2	3.5	3	2.5	6	5.5	3.67	4	4	1.4	1.25	2.6	1.75	1.4	2.67	2	3	2.33	1	4.8	3	5.33
1	1	1	1.5	1.67	1	2.67	2.33	3.33	3.5	4.33	5.5	6	6	6	4.5	4	4	4	3.6	1.75	2.8	2	1.6	4.33	4.33	2	1.33	1	7	7	7
4.33	2.5	3.47	3.5	3.67	4	2.33	2.33	2.67	3	3	2.5	2.67	2.5	5	4.5	3	2.5	3.33	3.2	3.5	3	2.5	2.6	5	5.67	4.67	3.33	4	5.67	6	6
1.67	2	3	2.5	2.33	3	3.33	3.67	3.33	3.5	5	3.5	4.33	4	5	4.5	4	4	4	2.8	3	2.6	2.25	2.2	6	5	4	2.67	4	5.67	6.5	7
4	4	4.67	5.5	4.33	6	3.33	3.33	3.67	2.5	3	4	5	4.5	4.67	4.5	3.67	4	3.67	2.4	2.5	3.2	3	2.4	5.67	4.33	4.67	4	3.5	4.67	5	4.67
2.67	3	2.67	2.5	2.33	2.5	3	2.33	2.67	3	2.67	1.5	2.67	3	4.67	4.5	3	3.75	3.67	2.2	2.25	2.8	2.25	2.2	3.33	2.67	2	1.33	1.5	7	7	6
1	1	2.67	1	3	1	3.33	2.33	3.67	3.5	3.67	3	3	3	5.67	6	3.33	3	3.33	2.4	3.5	2.8	2.25	2.4	5.67	5	5	1.67	1	6	5.5	5.33
4.33	4	4.67	4	4.33	2	2.33	2	2.33	2.5	1.33	2.5	4	4	3.33	4.5	3	2.75	3	3.2	3	3.6	2.5	2.6	6.67	7	6	6	2.5	4.33	6	5.33
2	2	2	2	3	1.5	3	2.67	3.33	3.5	4	4.5	5	5	5.33	5	3.67	4	4	3	2.75	2.4	2.25	2	3.33	2.33	1.33	1	1	6.67	7	6.67
1.33	1	3.33	1.5	2	1	2.33	2	3	3	5.67	6	6	6	6	6	4	4	4	2.8	3.25	3.2	3	3.6	3.33	3	3	1.67	1	7	6.5	7
2.33	2	2.67	2.5	2.67	2.5	2.67	3	3.33	4	4.67	5	5	5.5	4.33	4.5	3.67	3.25	3	3.4	3	2.8	2	2.4	3.33	2.67	2.33	2.33	2.5	6.33	5	5.27
1	1	1.67	1	1.67	1.5	3	4	3.67	4	4	5.5	5.33	6	6	5	4	4	4	2.2	2.25	1.6	1.5	1.2	3	2.33	1.67	1	1	7	7	7
3.33	2.5	3	3.5	3	2.5	2.67	1.67	3	2.5	3.33	3.5	4.33	4	4.33	4	3.67	4	4	2.8	3.25	2.6	3	2.2	5.33	3.67	3	1.33	1	5.67	6	5.67
2	2	2.67	2.5	2	1	2.6	3.43	3.17	3.3	4.33	4	5	4	4.67	4.5	3.67	4	4	2	2.75	1.6	1	1.4	3	2	1.67	2.67	3	6.67	6	6.67
3	4	4	4.5	4	5	2.67	2.33	3.67	3	3	3	2.67	3.5	3.67	4	3	2.25	2.33	3.2	3.75	3	3	2.8	3.67	2.67	3.33	2.33	3	6	6.5	6.33
2.67	3.5	6	5.5	4.93	5.5	2.67	2	3	2.5	2.67	6	5.33	6	4.67	5.5	3	3.25	3.33	3.6	4.25	3	3	3.2	7	5	6	3	3	7	5.5	7
1	1.5	1.33	1.5	2.67	3	3.33	2.33	3	3	4	3.5	5	6	4.67	5	3.67	4	4	2.6	2.25	1.4	2.25	1.6	3.67	2.67	2	1.33	1	7	6.5	6.67
3.67	2.5	2.67	3.5	3.67	3.5	3	3.33	3.33	4	3.67	5	4	5	5	5.5	3.67	3	4	2	2.5	2.4	2.25	1.8	5.33	4.33	3.33	2.67	3.5	4.67	6	5.67
3.33	2.5	2.67	3	3.67	3.25	3	3	2.67	3	2.33	1.5	1.33	1.5	2.67	2	3.67	3.75	3.67	2.2	2.75	2.6	1.5	1.8	3	3.67	3	1.33	1	6	6	6.33
2.33	1.5	3	4	3.33	2	2.33	2.67	3.33	3.5	2.67	3	4	4	5.33	4.5	3.67	4	3.67	2.4	2.5	2.6	2	2.2	2.33	2	1.67	1	1	6.33	7	7
3	2.5	3	3	2.33	2.5	3.67	3	3.33	3	4.33	5.5	4	5	5.67	5.5	3.33	3.5	3.33	2.6	2.75	2.4	2.25	2.4	3.33	3	2.67	1	1	6	6	6.33
1.33	1	1.33	1.5	2	2.5	3	3	3.67	4	4.67	5	6	5	6	5	4	4	4	1.6	2.25	2.2	1.25	1.4	1.67	2	1.33	1.33	1	6.67	6.5	7
1.67	2	4.67	3	4.67	1	2.67	3	3.33	3.5	3.33	5	5	5.5	4	4	3.67	4	3.67	2.8	3.5	2.8	1.55	1.5	5.33	3.67	4.33	2.33	1	6.33	7	7
3	2	3.67	3	3	3	3	2	2.67	2.5	3	4.5	4.67	4	4	4	3.67	3.25	3.67	2.4	2.75	2.8	2.5	2.4	3.67	3.67	4.33	4.33	2	6.67	7	6.67
1.67	1	1	1	1	1	3.67	3.33	3.67	4	5.67	5.5	5.67	6	6	5.5	3.67	4	4	2.4	2.75	2	1	1.2	2.33	2.67	1	1.33	1	4.67	6	6
1.67	1	2.67	5.5	4.33	1.5	2.67	3	3.33	4	6	6	6	6	5.33	5.5	3.33	4	3.67	2.6	3.5	2.8	2.5	2.6	3	3.67	2.33	1.67	1	6.67	6.5	6.67
1.67	1	3	2.5	3.67	1	4	2.67	3	2.5	4	6	5.67	6	4.67	6	4	4	4	2.6	3	2.4	2.25	2.2	4.33	3.33	1.67	2.33	3	6.33	6.5	6.33
1.33	1	3	2	2	4	3.33	3	3	4	5.33	5	4	5	4.67	5.5	4	4	4	2.6	2.75	3	1.5	2	3	2.33	2	3	1	6	6.5	6.67
2	1	2.47	3.5	3.33	4.5	3.67	2.67	3.67	4	5.33	6	5.67	5.5	2.67	4.5	3.67	3	3.33	3.6	3	3	2	2	5.33	5.67	4	1.33	2.5	7	7	6.33
2	2.5	3.67	4	4	3	3	2.67	3	3.5	3.33	4.5	4.33	5	3	4	3.67	3.25	4	3.2	2.5	3.4	2.25	3	5.33	4.67	4.33	3.33	1.5	5.67	5.5	6
3	2	5	4	3.67	4.5	2.67	2	3.33	2.5	3.33	3.5	4.33	4.5	4.33	4	2.33	2.25	2.33	3	2.75	2.4	2.5	2.2	7	6.67	4.67	1.33	3	6.33	5.5	5.33
2.67	2.5	3.33	2.5	2.67	2.5	3	3	3	3.5	3.33	4	4	5	4.67	4	3.67	3.75	3.67	2.4	2.75	2.8	2	2.2	3.67	2.67	4.33	2.33	2	6.67	6.5	6
2	2	3.33	4.5	4	2	2.77	2.9	3.1	3.65	3.33	4	4.67	4	4	4	3	3	2.67	3.6	3	3.6	2.5	3	4.33	4	2	1	1	6.33	6.5	5
3.33	3.5	6	6	5.67	1	1.67	1.33	2.33	2	1	1	1	1	5.33	5.5	4	4	4	3.4	3.25	2.4	1	2.2	4.67	3.67	4.33	3.67	4	5.67	5.5	4.67
1.67	1.5	2.33	3.5	2	1.5	2	1.33	1.33	1	4.33	3	5.33	5.5	3.67	5	4	3.5	3	2.2	3	2.2	1.75	1.8	2.33	1.67	1.67	1.33	1	5.33	5.5	5.33
2	2	2	2.5	3.33	2	2.67	3.33	3	4	4	4.5	5	5.5	4.67	4.5	3.67	3.75	3.33	3.6	3.75	3.2	1.75	2	3	2.67	2.33	1.33	1	5	5	5
2.67	2.5	2.67	1	2	1.5	4	3	2.33	3	4	5.5	5	5	5.33	4	4	3.75	3.67	2.4	3.25	3.8	1.75	2.8	2	2.33	2	1	1	7	7	7
1	2	3	3	2	3	2.33	2.33	3	3.5	4.33	6	3.67	5.5	3	5	3.67	3.75	4	2.2	3.25	3.2	2	2.6	3	2.67	2.33	2	3	6.67	7	6.33
3.67	2	3	2	2	3.5	3.33	3	3	4	4	5	4	5	5.33	4.5	4	4	3.33	3	2.75	3.2	2.75	1.8	4	3	3.67	3	1.5	6.33	6	6.67
3	4	3.33	3	4	1.5	3.33	3.33	3.33	3.5	3.33	3.5	4.67	4	2.33	2.5	3.33	4	3.67	2.2	2.22	2.4	2.5	2	3.67	3.33	3	1	2	6.67	7	6.67
1.67	2.5	2.33	3	2.67	5	3	3	3.67	3	3.33	3.5	4	3	5.67	4.5	3.33	3.25	4	2.6	3.75	3.4	2	2.8	2	3	2.33	1.67	2	6	6	3.67
3	2	2	4.5	5	3	3.33	2.67	3.53	4	4.33	4.5	3	3	4.33	4	3.33	3.5	3	2.8	2.5	3	1.75	3.2	5.67	5.33	4	5.33	3.5	6	6.5	6.33
3	1.5	2.33	2	2	2	2	1	1.33	1.5	5.33	4.5	5.33	5	5	5	3.67	4	3.67	2.2	2.75	2.4	1.75	2.4	2.67	3.67	3.67	2.33	3	6.33	6.5	6.67
1.67	3	3	4	4.67	2.5	2.33	2.33	3.33	3.5	3	3.5	4.33	4.5	4	4	3.33	3.5	2.33	3.4	2.75	3.6	2.5	2.8	5.67	5.33	6	3.67	2.5	5.33	5.5	4.67
2	2	2.33	1.5	2	4	3	3.33	3.33	4	4.33	3	5.33	3	4	3	3.67	3.25	3.67	2.2	3	3.2	1.5	2.4	3.33	2.33	2.67	1	2	6	6.5	7
1.67	1.5	1	1.5	1	1	2.67	2	3.33	3	5.33	5	5	4.5	5	5	3.67	4	3.67	2.8	2.75	2.8	1.5	2.4	2.33	2.33	2.67	2	3.5	6	6	6.67
4.67	2.5	3	4	4	3.5	3	3.67	3	4	4.67	4.5	5	5	5.33	4.5	3	2.75	2.67	3	3	3.2	1.75	3	4.33	4	3.33	4.67	1.5	5.33	6	6
4	2	5	4.5	4	3.5	3	2.33	2.67	3.5	3	3.5	4.33	4	3.33	4	4	4	4	3.6	3.5	3	3	2.8	6.33	5.33	5	3.67	2.5	5.33	5.5	5.67
2	2	2.67	2	3.67	1.5	3	3.67	3.33	4	5	5.5	5	5	5.33	5	4	4	4	2.2	2.5	1.8	1.75	1.8	3.33	2.67	1.67	1.67	1.5	6.67	7	6.67
2.67	3	4	4	3.33	4	3	2.67	2.67	2.5	2.33	2.5	2.67	2	4.33	4	3.33	4	4	1.8	2.25	3	2	2.4	4.33	4	3.67	4	3	5	5.5	5.67
2	1.5	2	1.5	2.33	1.5	3.33	3.33	3.33	4	4.33	5.5	5.67	6	5	5	3.67	3.75	3.67	2.2	2.75	2.6	2	2	3	2	1.67	1.67	1.5	6.33	6.5	6
3.33	1	1	3.5	2	1	2.67	2.67	3.33	3	4.67	5.5	5	5.5	5.67	5	3.67	4	3.67	3	2.5	2.8	1.5	2.2	5.67	6	4.67	3.33	2.5	5.47	6.5	6.67
2.67	1	1.33	2.5	1.33	2	3.67	2.67	3.33	3.5	5.67	6	6	6	5	5	4	4	4	1.8	2.75	2.8	1	2	3	2.33	1.67	1.67	2	6.67	5.5	6.67
3	1.5	1.33	3.5	3.33	1.5	3	3	3.33	3	4	5	5.33	5	4.67	4.5	3.67	4	3.67	2.6	1.75	1.6	1.75	1.8	3	3	3.67	1.33	1	5	5.5	4.67
2	1	1	1	1.93	1	4	3	4	4	6	6	6	6	6	6	4	4	4	1.2	1	1.4	1	1.2	1	2	1.33	1	1	6.33	6.5	7
2	2	3.67	3.5	4.33	1.5	2.67	2.33	2.67	3	5	5	4.67	4.5	5	4.5	4	3.25	3.33	3.4	3.5	3.4	3.75	1.8	3.33	3	2.33	2.67	2	5	5	4.67
2	1	3.67	4.5	2.33	4.5	3	2	3	4	4.67	5	5.33	6	4.67	4.5	3.67	3.5	3.33	3.4	4	3	2.8	3.9	4	3.67	2.67	2.33	2.5	5.67	5	5.33
2.67	3	3	3	5.33	2.5	3.33	2.67	4	4	2.33	2	1.67	4	6	4.5	4	4	4	2.8	3.25	2.6	2	3.2	3.67	3.67	5.33	2.67	1	5.67	6.5	6.33
1	1	2	1	1	1	3	3.67	2.67	4	6	6	6	6	5.33	6	4	4	4	2.4	2.5	2.2	2	1.8	2	1.33	1	1	1	7	7	7
3	3	4.33	5.5	4.67	4.5	2.33	3	2.33	2.5	3	3	4.33	2.5	1.67	2.5	2.33	2.5	1.33	3.4	3.25	3.8	3.75	3.8	5.67	6	6	5.33	4	4	5.5	4
1.33	1	1.67	3	3	1.5	3.33	3.67	3.67	4	5	6	5.33	6	4.67	5.5	3.67	2.5	3.67	2.6	3	3.2	2	3	2.33	2.33	2	3	1.5	6.33	6	4.67
3.33	1	2.33	3	2.67	2.5	3	3	3.67	4	5.33	6	5.67	6	6	5	3.67	3.75	3.67	3	3.5	3	2.75	2.4	5.67	2.67	1.67	1.33	2	6.33	6.5	6.67
2.33	3	2.67	4.5	3	3	3	2.67	2.67	3.5	2.67	4.5	5	5	5	4.5	3.67	3.5	3.33	3.4	3.75	2.6	3	1.8	4.67	4.33	3.67	4	4	6	5	6.67
2.67	1	2	2	2.67	3	3.33	3	3.67	4	5.33	6	6	6	5.33	6	3.67	4	3.67	2.2	2.75	2	1.25	1.4	4.67	4.67	4	3	1.5	6.33	6	6.67
2.33	2	3.67	3	2.33	2.5	2.93	2.8	3.07	3.3	3.67	4.5	4.33	4	2.67	3.5	4	3.75	3.33	2.4	3	2.8	2	2.2	4	3.67	2.67	1	1	5.67	6	6
4.67	4	5.33	4	5.67	3.5	2.33	2	2.67	3	4.67	3.5	3.67	3	2.67	3	2.67	2.25	2.33	3.8	2.5	3.6	4	2.2	5.33	5.33	5.33	6.33	6.5	4	6	5
2.33	2	2.33	3	3.67	3.5	3	3	3	4	3.67	5	4	5.5	4.67	5	4	4	4	2.6	3	2.2	2	2	3.33	2.33	2.33	1.67	1	7	7	7
3.33	3.5	4.33	3.5	5	4	3	2.33	3.33	3.5	4	4	2.67	3.5	4	5	3.67	3.25	3.33	2.4	3	2.6	1.5	2	5.33	3.67	4.33	1.33	1	6.67	7	7
4.33	4.5	4	3	3.67	3	1.67	1.67	2.33	2	1.67	1.5	1	1	2.67	2.5	3.33	3	3	3.8	3.75	3.2	3	3.2	6	6	5	5.33	5.5	4.33	3.5	4
3	1.5	2.33	1	1	1.5	3.33	2.67	3.33	3.5	5.33	5.5	5.33	4.5	5	4	3.67	3.25	3.33	1.6	2.5	2.6	2.5	2.2	3.67	3.33	1.67	3	1	6.67	7	7
2.33	1.5	2	2	2.67	3	3.33	3	2.33	3.5	4	3.5	3.67	4	4.67	4.5	3.33	3.5	3	2.2	4	2	1.25	2	3	2.67	2.33	1	1	6.67	6	6.67
2	2.5	3.67	5	2.67	2	2.67	3.67	3.67	3	3.33	3.5	4.67	4.5	4.67	4	4	4	4	3.6	3.25	2.4	2.3	2.2	2.33	3	1.67	2	1	6	6	6
2	2	3.67	4.5	3	3.5	3	3.33	3.33	3.5	3.33	5	5	4.5	3.33	2.5	3.67	4	4	3	3.47	2.4	2.75	3.2	2	2	1.33	2	1.5	6.33	6.5	6
1.33	1	2.33	1	2.33	1	4	3.33	2	2.5	6	3.5	5.33	5	6	6	4	3.5	3.33	2	3.5	3.2	1.75	2.4	2.67	2.33	1.33	1	1	7	7	7
2	1.5	2.67	2.5	1.67	2.5	3.33	2.67	3	3.5	4	4.5	4.67	4.5	4.33	4	3.67	4	3	3	3.5	3.2	2.25	1.8	2	1.67	1.33	1	1	6.33	6	7
2	2	3.67	4	3.67	2.5	3.67	2.67	3	4	4.67	5	5.33	5	5	5	3.33	3.5	3.33	2.6	3	2.8	1.5	1.8	2	2	1.67	2	1	5.67	6.5	6.67
1.67	1.5	1.67	3.5	3	2.5	3.67	2.67	3	4	3.33	2	3.67	2.5	4.67	2.5	3.67	3.5	3.33	2.4	2.25	1.4	2.25	1.4	4.67	3.67	3.67	2.67	1	5.67	5.5	7
4.67	3.5	5	5	6	4.5	2.33	2	3	3.5	3	2	3.33	3	4	4.5	3.67	3.25	3.33	2.4	3.5	3.4	2.5	2.6	4	2.67	3.33	2.67	3.5	6.33	6.5	6
1.67	3.5	2.67	2	1.67	3.5	3.33	3	2.67	4	5	5.5	5.67	6	5.33	6	4	3.75	4	2.2	3.25	2.8	2	2	2.33	1.67	1.67	1.67	1	6.67	6.5	6.33
2.33	1	2.33	1	2	1	2.33	3	3	4	3.67	5	6	6	4	5	3	3.5	3.67	1.8	2.5	2.6	2	1.6	2.33	1.33	1	1	1.5	6	5	5.67
3.33	3.5	4.33	5	3.67	4	2.33	2.33	2.67	2.5	2	3.5	2	3.5	4	4.5	3	3	3.67	3.8	3.5	3.6	2.5	3.6	3.67	4	3	3.67	1	6.33	6	6.67
1.33	1	2.67	5	3	2	3.33	3	3	4	5.33	6	6	6	5.67	6	4	4	4	3	3.5	2.8	2	1.6	3.33	3	2.67	1	1	6.67	7	5.67
1	1	2.67	3	1	1.5	3.33	3.67	3.67	3.5	4	4.5	4	5	6	6	4	4	4	2.4	2.75	2.2	2.25	1.8	1.67	2	1.67	2	1.5	6.33	6.5	6.67
3	2	3.33	3.5	2.33	3	3	1.67	2.33	3	5	5	5.67	6	5.33	6	3.67	3.5	3.67	2.8	2.5	2.6	2	2.2	2.67	2.67	2.67	2.67	2.5	6.67	7	6.67
2.67	1.5	2.33	1.5	2	2	3.33	3.33	4	4	5.67	6	5.67	6	6	6	4	3.75	3.67	3	3.25	2.8	3.5	3.4	2	2	1.33	1	1.5	6.67	7	7
2.67	1	5.67	2	4.67	6	3.67	3.67	3.33	3.5	2.33	2.5	2.67	1.5	3.33	4	4	4	4	3.8	3.25	2.4	2.5	1.8	6	2.8	3.33	1.47	2	5	6.5	5.33
1.67	1.5	3.33	2.5	2.33	1	3.67	3	3.67	4	5.33	5	5	5	5.67	4.5	4	4	3	1.4	2	3	2	1.4	3.67	4	2.67	1.33	1	6	5.5	6
1.33	4	1.33	1	1.67	1	3	3	4	4	5	3.5	5	5.5	4.33	5	4	4	3.67	3	2.25	2.8	1.75	2	3.67	3.33	2.33	3	1.5	7	7	6.67
3	2	2.33	3	3	2	3	1.33	3	1.5	4.33	3.5	4.33	4.5	4.33	4.5	3.67	4	4	3.6	3	2.6	2.75	2.8	2.67	2.67	2.33	3	1	6	5.5	6
2	2	2.33	3	2.67	3	2.67	2.67	3	3.5	4	5	5	5	5	5	3.33	3.5	3	2.8	3	3	2.25	2.4	3.33	3.67	3.33	3.33	2	5.67	4.5	6
3.67	4	3.33	4.5	4.33	2	2.33	2	2.33	2.5	2.33	2.5	3.33	3.5	4.33	4.5	2.67	2.5	2.33	3.8	3.25	3.6	3	3.4	5.67	5.67	6.33	3.67	3.5	5.67	6.5	5.67
2	1	3.33	3	1.67	1.75	3	2.33	3.67	4	4.33	5.2	6	6	6	6	4	4	4	1.62	2.6	2.8	1	2.2	2	1.67	2.67	1.67	1	5.33	6.5	6.33
1.67	1	2.4	3	1.67	5.5	2.67	3	3	3	4.33	5.5	5.67	5.5	5.67	5	3.67	4	3.67	2.6	2.5	3	1.75	2	4.33	2.67	2.67	2	1	6.33	6.5	5.67
3.33	3.5	4.67	4.5	2.33	3.5	3.67	3.67	3	3.5	1.67	1.5	2	1.5	3	2	2.67	2	2.33	2.6	3	3	2.75	2.2	3.67	4.33	3.33	2.67	3.5	5	5.5	5
2.67	1.5	1.67	3.5	3.33	2.5	3.33	3.33	4	3.5	2.67	3	4.67	3.5	3.67	3.5	4	3.75	4	2.8	3	3	2.75	2.2	3.67	3.33	2.33	1.33	2	6.67	7	5.67
3.33	4.5	3.33	4.5	4.33	3.5	4	3.33	3.67	4	5	5	4.33	4.5	4.67	5	3.67	4	3.33	3.2	3.25	2.4	1.75	2.8	5	3.67	5	1.67	1.5	6	5.5	5.33
1.33	1	1.67	1	1.67	1	3.67	2.67	3.33	4	4.33	6	6	6	6	4	4	4	4	3	3.25	3	1.5	2.6	2.33	3	2.33	1	1	6.13	4.5	6.33
3.67	3	4.67	5.5	4.67	4	3.67	2.67	3.33	4	4	5	2.67	3.5	3.67	5	2.67	2.75	2.67	2.8	2.5	2.2	1.5	2	5.33	5	4.67	2.67	2.5	5	5	5
1	1	1.33	2	2.33	1.5	3.33	3.67	4	4	4.67	6	6	5.5	5.67	6	4	4	4	2.6	3	2	2.5	2	3.33	3	3.33	1.33	3	6	5.5	5.67
2.33	2	2.67	4	3.67	4	2.67	3.33	3	3.5	4	3.5	5.33	5	5	4.5	3.67	3	4	3.6	3.5	3.6	2.75	3.2	4	2.33	2.67	1.33	1	6	6	6.67
3.67	4.5	3.67	3.5	3.67	3	2.67	3	3	4	4	1	1	2.5	5	5	3	3	3.33	2	3.5	2.4	2.5	1.2	3.67	4.33	4.67	3.67	4.5	5.67	5.5	6
1	1.5	4.33	3.5	4.67	1.5	2.67	2.67	3.33	3.5	4.33	5.5	4	5.5	5.67	5.5	3.67	3.25	3.33	2.4	4.25	3	2.25	2.6	4.67	2.67	2.33	1.67	1.5	6.33	6.5	6
1.33	1	3.67	3	3.33	1.5	3.67	2.33	2.33	2.15	2	5	3.67	4	6	6	4	4	3.67	2.8	2.75	2.4	2.5	1.6	3	4.67	2.67	1.33	1	5.67	6.5	6
2.67	1.5	3.33	4.5	3.67	1.5	3	3.33	2.67	2	5.33	4	4.33	3.5	5.67	5.5	4	4	3.67	3.4	3.5	3.4	2.75	3	2.67	2.67	1.33	3	2.5	6	6.5	5
3	3	3	5	5	3	1.33	1.67	2.33	1	2.33	3	4	3	5	5	3.33	3.75	3.67	2.8	3	3.4	2	2.6	4.67	4	3.67	1.33	1.5	6.67	7	7
2.67	2.5	4.67	4	5.33	3.5	2.67	2.33	2.67	2.5	4.33	5.5	5.67	6	2.33	3.5	2.33	2.75	3	2.6	2	2.8	3.75	2.2	6.67	6.67	6.33	5	4	4.67	6	5
1	1	2	1	2.67	1	2.67	2.67	3.33	2	4.33	6	6	6	6	6	4	4	4	1.4	2.5	1.8	1.25	1	4.67	3.67	3	5	4	7	7	7
2.33	1	1	3	1	1	3	3	4	4	5	6	6	6	6	6	4	4	4	1.8	2	1.8	2	1	1.67	1.67	1.67	1	1	7	6.5	7
2	2	2.67	2	1.67	2	3.33	2.67	3	3.5	4	5.5	4	5	3.67	5	4	4	4	2.4	3	2.4	2	2	2.67	3	4	2.47	3	6.67	6.5	7
1.33	1.5	1	2.5	2.67	2	3.67	2.33	2.67	2	4.67	5	5	5	5	5.5	3.67	4	4	2.6	2.5	2	1.5	1.2	4.67	3.67	2	1	1.5	6	6.5	6.33
2.33	2	3.33	1.5	3	2	3.67	3.2	2.97	3.15	4.67	5	3	3.5	4.67	5	3.67	3.25	3	2.6	3	3.2	2.5	2.6	2.33	3.33	1.33	2	1.5	6.33	6	5.33
2.33	2	2.33	1.5	4	1	3.67	3	4	4	4.67	6	5.33	6	6	6	3.67	4	3.67	2.4	1.25	2.4	1.5	1.8	3.33	4	3.33	1.67	1	5.67	6	5.67
1.67	1.5	3.67	3	1.67	1.5	3.67	3.33	3	3	4.33	6	5.67	6	5	5	4	4	4	3	2.5	2.2	1.5	1.6	3.33	2	1.67	2.67	2	6.67	6.5	6.33
4.67	3.5	4	5.5	4.67	6	2	2.33	2.67	4	2.33	3	3.33	3	4	4	3.47	2.75	3	3.2	3.75	3.2	3	3.4	4	3	3.67	2.67	1.5	5	6.5	6
2.33	1.5	3.33	2	3.33	2.5	2.33	2.67	3.33	3.5	5	5.5	4.47	6	4.33	4.5	4	3.25	4	3	2.5	2.6	3.75	2	6.67	5.67	6	3.67	4	5.33	6	6.67
2.33	1	2.67	2	3.67	1.5	3.67	2.67	3.33	2.5	4.67	5	5	5	4.67	4.5	3.67	3.75	3.33	2.6	3.25	2.2	1.75	1.8	3	2.33	2.67	2.33	1	6.33	6	6.67
2.33	2.5	3.33	2	1.67	2	2.67	2.67	3.33	3	4.33	4.5	4.33	5	4	4	3.33	3.75	4	2.2	3.5	2.2	1.25	2.4	3.33	2.33	2.33	1.67	1	5.67	5	6
1	1	2.33	1.5	1.67	1	3	3	3.33	4	5.33	5	3.67	4.5	5.33	5	4	3.75	3.67	1.8	2.75	2	1.75	1.6	3	2.67	2.33	3	1	5.67	6	6
2	4.5	5	6	5.33	5	1.67	1	1.33	1	1	1.5	1.33	1	2	1.5	4	4	4	3.4	3	2.8	2.25	2.8	4.33	5.67	4.33	3.33	3	5.67	7	6.33
1	2.5	4	6	4.33	4.5	3	3.33	4	3	3.67	6	4.33	6	2	4	4	4	4	2.8	2.25	3	3.25	1.6	6	4	5	1	2.5	6	7	6.67
2.33	2	1.33	2	2.33	2	3.33	2.33	2.33	1.5	3.67	5	4.67	4.5	3.67	3	3.67	3	3.33	3.4	3.5	3.2	3.5	3.2	4	2.67	4.33	1.67	2	6	5.5	5
2	1.5	1	2	1.33	1.5	3.67	3.33	3.33	4	4.87	6	5.67	6	5.33	5.5	4	4	4	2.82	3	2.2	1.25	2	1.67	2.33	2	1.67	1	6.67	6	6.33
1	2	2.33	3.5	4.67	3.5	2.67	1.33	3	3	3	5	5.67	6	5.67	6	3.33	2.75	3	2.8	4.25	3.2	1.5	3.4	4	4	4.67	1	1	6.67	7	7
2.67	2.5	4.67	4	4.33	5	2.67	2.67	3.33	3.5	3.67	4.5	5	5	4.33	4.5	3.33	2.25	3	3.6	4.25	4	3.5	3.4	4.33	3.33	4.33	2.67	2	6	5.5	5.33
3.73	2	2.03	3	3.33	4.5	3.67	3	2.67	4	3	4	3.33	4.5	5	5	3.67	3.75	3.67	2.8	3.25	3.6	3.75	3	3.67	3	3.33	2	2	6.67	6.5	6
1	1	2.67	2	4.33	1	3	3	3.33	4	5.67	4	6	4	6	4.5	4	4	4	3	3.5	3.6	1.25	3.2	3.33	2.33	1	1.33	1	7	7	6.33
4	4	3.13	4.5	5.67	3.75	1.67	1.33	1.67	1.5	2	2.5	3.67	4	4	4	4	4	4	3.6	3.75	2.8	3	3.2	5	4.67	6.33	3	4	5.33	4.5	6.33
5	3.5	4	6	4.67	2	3	2	3	4	2	2.5	2	3	5.33	5	3.67	3.25	2.67	3.2	2.5	3.2	3.25	3.8	4	4.33	4	3	3	4.67	6	4.67
2	1.5	3.67	3	3.37	2	3.33	1.67	3	2	4.33	5	5	5	3.67	4	3.67	3.5	3.33	4.4	3.75	3.6	3	2.8	4.67	3.67	4	3.33	2.5	6.33	6.5	6
3.33	1	2	1	2.33	2	3.67	3.33	3.33	4	4.67	5	5.67	5	5.33	5	3.33	3.75	3	3	3.25	1.8	1.5	2.4	4.67	3.33	4	2.33	2.5	5.33	5	5.33
1.67	1.5	4.33	4	4	3.5	4	3.33	3	4	4.33	5	4	5	4	5	4	4	4	3.4	3	3	1.5	2.4	3.67	3	2	2.33	1	6.33	7	6.67
5	1	3	4	1.67	2	3.33	2.67	3.33	4	4.33	4	6	5.5	5.33	4.5	3.33	4	3.67	3	2.5	1.8	2.5	2.46	3.67	2	2	1.33	1	6.67	7	6.67
3	1.5	3.33	3.5	2.67	2	4	3.33	3	4	4.33	5	4	3.5	6	3.5	4	4	4	3.4	3	3.6	1.75	2.2	3.33	3.33	3.33	2.33	2	6.67	5.5	7
1.67	1.5	1.33	1	1.33	1	3	2.67	2.67	3.5	4.67	4.5	4.33	4.5	4.67	4	3.33	3.75	3.67	3.8	2.5	2.2	2.5	1.8	2.33	1.67	3.33	2	1	5	6	3.33
3	1	3.67	4	4.67	3.5	3	1.33	2.67	1.5	5.67	4	6	5	4.67	5.5	4	4	4	3.6	2.75	3.2	1.75	1.8	3.33	2.67	2.67	1.67	1	6.33	6.5	7
2.33	1	3.67	4	5.33	2.25	3.33	3	3.67	4	5.33	5.5	6	5.5	2	3.5	1.67	2	2	2.4	2.97	2.8	1.75	3	4	4.33	4.33	1.67	1.5	6.67	7	6.33
2.33	2	3.33	2	3	1	3	4	2.67	4	2.67	4.5	2.67	3	4.33	4	3.67	4	3.33	2.2	2.5	2.8	1.25	1.6	1.33	1.33	1.67	1.33	1.5	5.67	6.5	6.67
1	1.5	2.33	3	2.67	1	4	3	3.33	3.5	5	5.5	4.33	5	5.67	5.5	4	4	4	3.2	3	2.6	3	2.6	3.33	2.33	2.33	1	1	7	7	7
3	2.5	3.67	2	2.67	2	4	3	3.33	4	2.33	2.5	4.33	4	3.33	2.5	2.67	2.75	2.67	3.4	2.75	3.2	2.75	3	3.67	3.67	3	1	2	5	4.5	5
5.67	5.5	4.67	6	5	4.5	3	2	3	2.5	3.33	1	1	1	3.93	2.5	3	2.75	2.33	3.6	4.35	3.8	2	2	7	6	5.33	6	5.5	6.33	5.5	6
1.67	1.5	4.33	5.5	2.67	2	2.67	2.67	2.67	4	5.67	6	6	6	5.67	5.5	3.67	3.75	3.33	4	3.5	2.6	1.5	2	3.33	3.33	3	4	4	7	6	6.67
2	1.5	1.67	1.5	1.67	1.5	3.67	2.33	2.67	3.5	4	5.5	6	5.5	5	5	4	3.25	3.67	2.2	3.75	3	2.25	2	1.67	2.33	2.33	1	1	6.33	6	6.67
2.33	1.5	2	2.5	2	1.5	3.67	2.33	2.67	4	3.67	5.5	5.67	6	5	3.5	3.67	4	4	3.6	3.25	3	3	3.6	1.33	2	1.67	1.33	1.5	6	4	5.33
1.33	1	3.33	2	2.67	1.5	4	2.67	3.33	2	5.67	5.5	6	6	6	6	4	4	4	2.2	3	2	2.25	2	2	1.67	1.67	2	1	6.67	6	6.33
2.67	2.5	4	4	4	4	2	2.33	2.67	2.5	3.33	3.5	4.33	4	3.67	4	3.33	3.75	3	3.4	3.75	2.4	2.75	2.6	5.33	6	5.67	3.67	4.5	5	5.5	4.67
1	1	1.33	1	2	1.5	3	3	3.67	3	4	5.5	6	6	6	6	4	3.75	4	2.8	3.25	2.8	2	1.6	5	4.33	3.67	3.67	3	6.67	6.5	6
2.33	1	2	1	1	1	4	3.33	3	4	5.67	5.5	5.67	5.5	6	6	4	4	3.67	2.6	2.75	3.4	2.25	2.6	1.33	1.33	1.67	1	1	6.33	7	5.33
2	1.5	4.33	5	3.33	3	3	3.33	2.67	1.5	4.33	4	4.67	4.5	5	4.5	4	4	4	2.8	3.25	3.2	3.5	3.8	2.67	2.33	3	3.67	1	7	6.5	5
2.33	2	1.67	2	2.67	1.5	2.7	2.67	3	3	4.33	5	5	5	5	5	3	3.75	3.33	2.6	2	2.2	1.5	1.8	3	3	2.67	1	1	6.33	6.5	6.67
1.67	2	4.33	4	3.33	2	3	2.33	4	3.5	3.67	4.5	5	4	4	4	3.33	3	3	4	2.75	3.6	2.5	2.4	3.33	2.67	2.67	1	1	6.67	6	6.67
2.67	2	2.67	3.5	4	5	2.67	2.67	2.67	4	3.33	3.5	3.33	2.5	3.33	3.5	3.67	2.25	2.33	4.4	4.25	3.2	2.75	3.6	4	2.67	3.67	2.67	2.5	5.33	4.5	6.33
1.67	2	5.33	3.5	5.33	1.5	2.33	2	3.33	1.5	2.67	4.5	4	3.5	5.33	4	2.33	2.5	2	3	3.25	3	2.25	2	4	3.67	5.67	3.67	1	3.67	6.5	4.67
1.67	1	1.33	2.5	2.67	1	3.13	2.83	3.1	3.65	4.33	5.5	6	5.5	6	5.5	3.67	4	3.67	2.6	2	3.2	1.5	1.6	4.33	3	3	1.33	1	5.33	6	5.67
1.67	1	2	2	2.33	1	3.67	3	3	4	3.67	5	5.67	5	3.67	4.75	4	4	4	2.6	2.75	1.6	1.25	2.2	5.33	5.33	3.67	4	3.5	4.87	3	4
2.67	1	1.33	2.5	1.33	1	3.67	3.67	3.67	4	5	3.5	5	5	4.67	4.5	4	2.75	4	2.2	2.25	2.2	1.75	1	2.33	3.33	2	1.33	1	6.33	6.5	7
1	1	1.67	2.5	4.33	2.5	3.33	3	3	3.5	5	5.5	6	6	6	6	4	3.75	3.67	2.4	2.5	2.2	2	2.6	3.33	3.67	2.67	1.33	1	6.33	6.5	6.33
2	1.5	1.67	3.5	2.33	1.5	3	2.67	3.67	4	4	5	6	6	5.67	5.5	3.33	4	3.67	2.8	3	3.4	1.75	2.2	2.67	4	3.33	2	1	6.33	5	4
2.33	1.5	2	2	1.67	1.5	3.33	3.33	3	2.5	4.67	5	5	5	5	4.5	3.67	4	3.67	3	3	2.6	2.5	2.4	1.67	1.33	1.67	1	1	6.33	6.5	7
3	2.5	2.67	3.5	2.67	3	3.67	2.67	3.67	3.5	4.67	4.5	4.67	5.5	4.67	4.5	3	3.75	3.67	3.02	3.5	2.8	2.75	3.2	2.67	2.67	2.33	2.33	2	4.33	4	4
2.33	2	2	2.5	3.67	2	3	2.67	3.33	3.5	3.67	5.5	5.33	5.5	6	6	4	4	3.67	3.6	2.75	2.8	1.75	2.2	4	4	4.33	1	1	6.67	6.5	7
1.67	1	2.33	3	3.33	3	3	2.67	3	4	4	6	5.67	6	5.33	5	4	4	3.67	2.6	3.25	3.4	2.25	3.2	5.67	4	4	1	1.5	6.33	6.5	6.33
1.33	1	2.33	1	2	1	2.67	2.67	3	3.5	5.33	5	6	6	5.33	5	3.67	4	4	2	3	1.6	1.5	1.4	2.33	2.33	2.67	2	2	6.67	6	6
2	3.5	4.33	5.5	4.67	2.5	1.67	2.33	2.33	3.5	3.33	3.5	3	4.5	6	5	3.67	3.5	3.67	3.4	2.25	3.8	2	2.8	4.67	4.33	4	4.67	2	6.67	6.5	6.33
4	1	3.33	2.5	3.33	1	3.67	3	3.67	3.5	4.33	6	5.67	5.5	4.67	5	3.67	3	3.67	2.4	3.5	3	1.75	2.4	4.67	3	2.33	2.33	1.5	6.33	7	7
1.67	1	1	1	1	1	3	3	3.67	4	6	6	6	6	6	6	4	4	4	1.6	2.25	2.6	2	1.8	3	2	1.67	1	1.5	6.67	4	6.33
2.67	4.5	4.33	4.5	3	1.5	3.33	2	3	4	4.67	5	4	3.5	3.67	4.5	3.67	4	3.67	2.8	3.1	3.32	1.75	1.8	4.67	5	5.67	3.33	1.5	3.67	4	3.67
1.33	1	3	3	4	2	3.33	3.67	4	3	4	4.5	2.33	3.5	6	5.5	3.67	4	3.67	2.6	2.5	2.4	2	2.6	3.67	3.67	3	1	1	6.67	7	7
2.33	2	4	4	4.67	3	3	2.67	3.67	3.5	2.33	3.5	1.67	2	5	5.5	4	4	3.67	3	2.25	2.8	1.75	3	5	4.67	6	2	2.5	5.33	6	6.33
4	1.5	3.67	5.5	2.67	2	2.33	2.33	2.67	3	3.67	5	5	5	4.67	4.5	4	4	3.67	2.6	2.75	3.2	2.5	2.8	3.33	3.67	2.67	2	1.5	4.67	5.5	5
1.67	1	3	1.5	3	1	4	3.33	3	2.5	4.67	5.5	5.67	6	6	5.5	3	3.75	4	3	2.75	3.8	2.75	4	2.33	2	1.33	1	1.5	7	7	7
1	1	2.67	3.5	2.33	1.5	3	3.33	2.67	3	5	6	3.33	4.5	5.33	4	4	4	4	2.4	2.5	2.2	2.25	1.4	1.33	1.67	1	1	1	6	7	7
1.67	1	1	1.5	2	1	3.33	2.67	3	3.5	5	5.5	5.33	5.5	5.33	5.5	4	3.75	3.67	1.8	2.5	2.6	1.5	2.4	4	4	4	2.33	2	6.33	6	6
1	1	1	1.5	1	1	4	3	4	4	4.33	5.5	6	5.5	6	5.5	4	3.75	3.67	2.8	2.75	3	2.05	2	1.67	2.33	1.67	1.33	1	7	7	5.33
1.67	1.5	2.67	1	1	1	4	3	3.33	4	4.33	3.5	5	5.5	6	6	3.67	4	3.67	2.2	2.75	2.4	1.25	2	2.33	1.67	1.67	1	1.5	6	5.5	6.67
1.33	1	1.67	1	1.67	1	3	2	2	4	5	6	5.67	6	5	6	4	4	4	1.8	2.5	2.6	1.75	1.6	3	1.67	1	2	1	6.33	6.5	6.67
2.33	2.5	3	3.5	4	2.5	3.33	3.33	3.33	4	2.67	2.5	2.67	3	4.33	4.5	2.67	1.75	1.67	3	3.5	3.4	2.5	2.6	4	4.33	3	1.33	1	5.67	6	5.33
1	1	1.33	3.5	2.67	1.5	3.33	2.67	3	4	4.67	6	6	6	6	6	3.67	4	4	3.34	3.25	3.32	1.92	2.82	1.67	2.33	1	1.33	1.5	7	6.5	7
1.33	2	4.67	4	3.67	3	2.33	3.33	2.67	2	4	3	2.67	3.5	6	4.5	4	4	3.67	3.8	4.25	4	2.75	3	4.33	4.33	5.67	3	4	2.33	3	5.67
2	1	2.33	1	1.67	1	2.67	3	3.33	3.5	3.67	5.5	4	4	4	4	4	4	4	3.4	3.22	2.4	2.5	2.8	3.67	2	2.33	1.33	1	5.67	5.5	6.67
3.33	1.5	4	2.5	3.67	4	3.7	2.27	2.87	3.65	1.33	4.5	4	3	3	3.5	3.67	4	4	3.4	3.5	4.2	3.75	3	3.67	2.67	2.33	2.67	3	5.33	5.5	3.67
2.33	1.5	2.67	1.5	1	1	3.67	3	3.33	3	5.67	5	6	5.5	6	4.5	4	4	4	2.8	3.5	2.8	1.75	2	1.67	1.33	1.33	1.33	1	7	7	7
1	1	2	2	2	1.5	4	3.67	3	3.5	5	5.5	6	6	6	6	4	4	3.33	2.2	3	2.4	2	1.8	3	2.33	2.33	2	1.5	7	7	7
1.33	1	1	1	2.67	1	3.33	3.67	4	4	5	6	6	6	6	5	4	4	4	2	2.25	1.4	1	1.4	2.33	1.67	1.33	1	1	7	7	7
3.67	1.5	1.67	2	3.33	1.5	3	3.33	3	4	3.33	4	5	4	4.67	3	2.67	2.75	2.13	3.2	4	2.6	2.5	2.2	5.67	5	4.33	1.67	3.5	6	6	6.33
2.33	1	1.33	1.5	3	1	2.67	2.67	3.33	3.5	4.33	5	6	5.5	5	5	3.33	3.75	3.33	3	3.5	2	1.5	1.6	4.33	3.67	3.33	2.33	2	5.67	5.5	5.67
2.67	3	5	5	4.33	2	2.67	1.67	3.33	3.5	2.33	3.5	4.33	5	3.33	3	3.33	3.5	3.67	2.6	3	3	1.5	2	4	3.67	2.33	3.33	1	6.67	7	6.67
2.67	2	2	5	3.33	2	2.67	3.33	3.67	3.5	3.67	4.5	3.67	4.5	4.67	4	4	3.5	3	3.6	3.75	3.2	1.75	2.2	4	1.67	3	2.67	1.5	6.33	5	5
1.67	1	3	1.5	2.67	2	3.67	2.67	3	3	5	5.5	5.33	5.5	5.67	5.5	3.67	3	3.33	4	3.25	2.6	3.25	2.2	3.67	3.33	1.67	1	1	6	6.5	6.33
3.33	2.5	2	1.5	3	1	4	3	4	4	3	3.5	5.33	5	4.33	5	4	4	4	2.4	3	2.2	1.75	2.2	5.33	5	3.33	1	1	6.33	6.5	7
2	1.5	2	1.5	3.67	1	3	2.67	3.67	4	3	4	3.67	4	4	3.5	3	3.75	3.33	3.6	3.5	3	2.75	2.2	4.67	4.33	2.33	2.33	2	6.67	6.5	6.33
3	4.5	3.13	3.5	5	3.5	2.67	3.33	3	3.5	4.67	1	1.33	1	2.67	3.5	4	4	4	3	3	3.4	3	2.8	5.33	5.67	5	2.67	3	5.33	5	6.67
1.33	1	1.33	2	3.33	1.5	3	2.67	2.67	3	5.67	5.5	6	6	3.67	3.5	4	4	4	3.6	3.5	3.2	2.5	3.4	4.33	3	3.33	2	2	7	6.5	6
2.33	1.5	1.67	1.5	3	2.5	3	2.33	2	3.5	4.33	4.5	5.33	4.5	5.67	5	3.33	3.25	3.33	2.4	2.75	2.2	2	1.6	3.33	3	3.33	1.33	1.5	5.33	6	5.67
1	1	1	3	2.33	1	3	3	3	4	5	6	6	6	6	6	4	4	4	3	4.25	2.8	1.5	2	4	3	3.33	1.67	1.5	6.33	7	7
2	3	2.33	3	3.33	3	3	2.67	2.67	3.5	3.67	3	5.67	5.5	5	5	4	4	3.67	4	3.5	3.4	1.75	3.4	4.67	5.33	5.33	2.33	2	5	5.5	5.33
2.33	3.5	3.33	3	3	2	2.33	2.67	2.67	3.5	2.67	5	5	5.5	5	5	4	3.25	4	2.6	3.25	4.2	2.5	3.2	5.67	5.67	3.67	2	1.5	3.67	6.5	5.67
1.33	1	1.67	1.5	1.33	1	3.67	3.67	3.67	4	4.67	6	4.33	6	6	6	4	4	4	2.8	2.75	2.8	2.75	2.4	3	2.67	2.67	1.67	1.5	7	7	7
2.33	2	2.33	2	3.33	1.5	3	3	4	4	3.33	4.5	4.67	4.5	5	5	3.67	4	3.67	3.4	2.75	3.2	2.25	3.4	5.33	6	3	1.33	1.5	6.67	7	7
2.67	1.5	1	3.5	3.33	3	3.67	3.33	3.33	3.5	4.67	5	5.67	6	4	4.5	3.67	4	4	2.8	3.5	2.8	2	1.8	4	3.67	3	1	1	6.33	6.5	6.33
2.67	2	2	5.5	3	4	2.67	1.67	2.33	3	4.67	4.5	4	4	5.67	5	2.67	4	3.67	2.8	2.75	3	2.5	2.8	4.67	4.67	4.33	3.33	2.5	5	4	4.67
3.33	2	3.17	2	2.67	2	3	2.67	2.67	3.5	4	4	5.33	5.5	5.67	5	4	4	4	2.4	1.5	3	1.5	2.2	3.33	3	2.33	1.67	1	6.33	7	7
3	3	2.33	4	2	3.5	3	1.67	3.33	2.5	4.33	4	5	4.5	5	4	4	3.5	2.67	2.42	2.35	2.9	1.85	2.76	4	3	4	3.67	2.5	5.67	6	7
3	3	3	3.5	3.67	4	2.33	2	3	3	3.33	4	3.33	4	3.33	4	3.33	3.5	2.67	3.6	4	3.6	4	2.6	4.67	5.67	4	4.33	2	5.33	6.5	5.67
2.33	2	2.67	3	5	2.5	3	2.67	3	3.5	4	4.5	5	5	5	4	4	4	4	2.8	2.75	3.2	1.75	2.4	5.67	5	3.67	3	3	5	6.5	6.67
2.67	1.5	4.33	3	5	3.5	2	1.33	2.33	1.5	2	1	2.33	2	2.67	3	3.67	3.25	3	2.2	2.75	3.4	2.75	2.6	5.67	5.67	6.67	5.33	3.5	5.33	6	6
2.67	1	1	1	1.67	1	2.67	3	3.67	3	4.33	6	5.33	6	5.67	6	3	4	3.67	3.2	2.75	2.2	3.25	3.8	2.33	2.33	3.33	1	1	6.67	7	6.67
3	1.5	3	2	3.33	2	2.67	2.33	2.67	3	4.33	4.5	4	5	4.33	4.5	4	4	4	2.2	3.5	3	2	2.4	2.67	3	3	1.33	1.5	5.67	6.5	4.33
3.67	2	2	3.5	3.33	2	2.67	2.67	3.33	3	4.67	5	4.67	5.5	4	4	3.67	3.75	3.67	2.6	2.25	2.4	1.75	2.4	2.67	2.33	2.33	1.67	1.5	7	7	6.67
2	2	3.67	2	2.67	1	3.33	3.33	3.33	2.5	6	5.5	5.67	5.5	5.33	5.5	4	4	4	2.8	2.5	2.2	2.25	2	1.67	2	2.33	1.67	1	6.67	7	6.67
2.67	2	3.67	3.5	3.67	3.5	2.67	2.33	2.33	3.5	4.67	4.5	4.67	5	5	5	4	3.75	4	4.4	4	4	3	2.6	4.33	2	4	2	1.5	6	6.5	6.33
1.67	1.5	3	3	4.67	2.5	2	1	3.33	2	2.67	2.5	1.67	3	6	5.5	2.67	2.75	3.33	2.6	2.75	2.6	1.75	1.6	4.67	3.67	3.67	3.33	1.5	5.67	5.5	6.33
1	1	2.47	1	3	2	3	3.67	4	4	4.33	6	4.67	6	3	3.5	4	4	4	1.4	2	2.2	1	1.8	3	2.33	1.33	1.33	1.5	7	6.5	7
3.67	3	4.33	5	4.33	3	3	2.67	3.33	3.5	4.67	4.5	4	5	3.67	3.5	4	4	4	2.8	2.75	2.8	2.25	2.2	3.33	2.67	3.33	2.33	1	4.33	4.5	5.67
4.33	2	2.67	3.5	3.67	3.5	2.67	2	1.33	1.5	5	3	4.33	4	3.67	3.5	3.67	3.25	4	3.2	3.25	3.2	3.25	3.2	3.67	3.67	2.67	1.8	1	5	7	5.33
2.07	3.5	2.67	1.5	2.67	2.5	3	2.33	3.33	3	3.67	3.5	2.83	4.4	4.93	6	4	3.5	4	2.8	3.75	2.4	2.75	2	3.67	3.67	3	1.33	1	6.33	6	5.93
2.67	2.5	3.33	5	5	2	2.33	2.67	2.67	3.5	1.67	2.5	3.67	3.5	3.33	3	3	3	3	4	3.5	3.8	3.25	3.2	7	7	6	5.33	3.5	5	5	4
1	1	1.33	1.5	2.67	1	2	1.67	3.67	1.5	6	5	6	6	6	6	4	3.5	4	2.8	3	4	2	2.4	2.33	2	2.67	2	1.5	7	6.5	7
1.67	1.5	3.33	1.5	2	3	3	3.33	3.33	4	3.33	6	5.33	5.5	4.67	5	4	4	4	2.4	2.25	2.6	1.75	2	2.67	2	2	1.67	1.5	6.67	6	7
1	1	3.67	1.5	3.33	1	3	2.67	3	3	4	5.5	6	6	6	5.5	3.67	4	3.67	2.2	2.5	2	1.5	1.4	3.67	4	2.67	3	1	6.33	6	6.67
3	1.5	4.33	3.5	2	3.5	3.33	2.33	2.67	3.5	3.67	4.5	4.67	5	3.67	3	3.67	4	3.67	2.6	3	3.6	1.75	2.2	3.33	4.33	5.67	2.67	5.5	5	4	4.67
2	1.5	1.67	4.5	4.33	2.5	2.67	2.67	3	3.5	5.33	5.5	5.33	6	2.67	4.5	3.33	3.5	3	2.6	2.25	2.2	1.25	2	5.67	6.33	4.33	3	2.5	5	6.5	6
5	3	4	4	4	4.5	2.8	1.83	2.77	2.15	2.33	4	3.33	4.5	6	4	3.67	3.75	4	1.8	3.25	3	2.25	1.6	2.33	2.33	1.33	1.67	1	7	7	7
1	1	1	1	1.33	1	3	2.67	3.67	3.5	5	4.5	6	5.5	4.67	5.5	3.33	2.25	3	4	3	3.4	2.25	3.4	4.33	5.33	4.67	1	3	5.67	5	4
1.33	1	2.33	2	1.67	3	3.33	3	2.67	3	4.67	2	5.33	3	4.33	4	3.33	3.25	3	1.6	1.25	2	1	1.2	5	2.33	2	1	1	3.67	4	5
2	2	4.33	2.5	3	3	3.13	2.83	3.1	3.65	4	4.5	4.33	4	4.33	4.5	3	2.75	2.33	3.4	3	3.6	3	3.6	5	5	4.67	2.67	2.5	6.33	6.5	6.33
2.33	2	3.67	5	3.67	4	4	2.67	3.67	4	4.33	5	5.33	4.5	4	5	3.33	4	3.67	2.2	2.25	2.6	2.25	2.8	5.33	3.33	3	3	3	5.67	6	5.33
2.67	2.5	2.33	2	2.67	2	3.33	2	2.33	3.5	4.33	4	4	4.5	3.67	4	4	4	4	2.6	2.5	3.6	2.5	2.6	5.33	4	3.33	1.67	1	6.33	6.5	5.67
1	3.5	3.67	4.5	4.67	1.5	3.1	3.27	3	2	2	3.5	3	3	5	5	3.67	2.75	3	2.8	3	3.6	2.75	2.8	5	5	6.33	1.33	1.5	5.33	7	4
1.67	2	2.33	5	5.33	3.5	2.67	2.33	3.33	3.5	3	4.5	4	5	5.33	5	3.33	2.5	2.67	3.2	3.5	3.8	2	3.6	5	4.67	4.67	2.67	2	6	6.5	5.33
1.33	2	2.67	5	5.33	5	2	2	3	1.5	3.67	4.5	4.67	5	4.67	5	3.67	4	3.33	3	3	3.2	2.5	2.2	6.33	6	4	2.67	1.5	6.33	6.5	6
3	2	2.67	2	2	1.5	3	2.33	2.67	3.5	3.67	4	5.67	6	4.33	4	3	3.5	3.67	2.8	3.25	3.8	3	2.4	3	4.67	2.67	3	1	5.33	6	6
2.67	1	4	2.5	4.67	1.5	4	3.67	3.67	4	4	2.5	1.33	1	6	6	4	1.75	2	4	3	3	1.75	3.2	5.33	5.67	2	2	1.5	6.33	5.5	5
1	1	1	3.5	4	1	2.67	2.33	2.67	4	4.67	6	4.67	5.5	6	5.5	4	3.25	4	3	2.25	2.6	2.5	2.1	2.67	2.67	2	3.33	1.25	6	5.5	6.67
1.67	1	2.67	3	2	2	3.67	3	3	4	5.33	5.5	5.67	5.5	6	5.5	4	4	4	3.8	3.25	3.4	3	2.4	2.33	2.67	1.33	1	1	6.67	7	7
3.67	2	4.67	6	4.33	5	3.67	2.33	2.67	3	4.33	5	5	6	4.67	5	4	4	4	3.6	4.25	3.6	2.75	3.2	2	2.67	1.67	3	1.5	7	5.5	6.67
2.33	2	2.67	4.5	2.33	3	3.33	2.33	3	4	3	4.5	3.67	4.5	3	3.5	3.33	3.25	3.67	3	3.25	3	2.75	2.6	4.67	4	3.67	2	2.5	6.33	6.5	6.33
3	3.5	4.33	4	3.33	2.5	2.33	1.87	2.63	3.15	3.33	4.5	3.67	4.5	4	3.5	3.33	4	3.33	3	3	2.4	2.25	2.6	5	4.33	3.33	2.33	3	5	5	5.67
2.33	1.5	3	2.5	3.33	1	3.33	3.33	2.67	3	4.67	5	5.33	5.5	5.33	5.5	3.67	3.5	3	3.6	3.5	2.4	2	2.4	3	2.67	2.33	1.67	3	5.33	5.5	6
1.67	4	4	3	1.33	3	4	3.67	2.67	4	3.33	3.5	5	6	2.67	3.5	3.33	3	3.67	4	4.5	4.4	4	4.2	6.33	6	4	3	1.5	6.67	6.5	5.33
2	1	1.67	3	2.67	2	3.33	3.33	3	3.5	5	4.5	6	5.5	4	5	4	3.5	4	3.2	2.75	3.4	2.5	3.4	1.67	1.67	1.67	1	2.5	6.33	4	6.33
2	1	1	4.5	1	3.5	4	3	3.33	4	4.33	6	6	6	6	6	4	3.25	4	2.6	4	2.2	3	2.4	3.33	2.33	2	1.33	1	6.67	6.5	6.67
1.33	1	2.33	1.5	2	1	4	3	4	4	5.67	5.5	6	6	6	5.5	4	3.5	4	2.8	3.75	3.4	3	2.6	1.67	2	1.33	1	1	6.67	7	7
3	5	3.67	5	5	5	3.33	3.33	2.33	3	2	3.5	4.67	4.5	3.67	2	3	3.25	3	3.4	4.25	4	2.5	3.2	4	6	5	3.33	2.5	6	6.5	6.67
2.67	1.5	2	2	2	1.5	4	3	3	4	5	5.5	5	5.5	5.33	5	3	3.75	3.67	2	1.75	2	1.75	1.4	1.67	1.67	1.67	1.33	1	6.33	6.5	6.67
1	1	1	1	2.67	1	4	3.33	4	3.5	5.67	5.5	5.67	5.5	5.33	5.5	3.67	3.5	3.67	2.4	2.5	1.8	1.25	2.4	3.33	3	2.67	1.67	2.5	5.67	6	5.33
1.67	1.5	1.67	2	2	2	3.33	2	2.67	3.5	3.67	3	4.33	5	3.67	3.5	4	4	4	2.8	2	1.8	1.5	1.6	3.67	4	2.67	2.33	2.5	6	6.5	6.33
2	2	1.67	2.5	2.33	1.5	2.67	3	3.33	4	3.67	4	5	4.5	5	4	3.67	4	4	2.6	2.5	2.8	2.5	1.6	3.67	3	2.67	1	1	6.33	6.5	4
4	5.5	3.33	6	5	4.5	1.67	1.33	3.33	2	3.33	2.5	2.67	2.5	5	5.5	4	2.75	3.67	3.4	3.5	3.4	3	3.6	4.67	5	6.33	3.33	1.5	6.33	5.5	4
2.67	1.5	2.67	2.5	3.33	1.5	3.67	3.33	3.33	3.5	4.33	5.5	4.67	4.5	5	5	4	4	4	2.4	3.75	2.4	2	2.2	2.33	2.33	1.67	1.33	2	6.67	6.5	6.67
3	2	4	4.5	3.67	3	2	1.67	2.33	1.5	4	4.5	3.67	4	3.33	4	3.33	4	3.67	3.2	3.75	3.6	3.25	3	3.67	4.67	4.33	3.33	2	5.33	5.5	5.33
3.67	3	2.33	3	2	2	2.67	2.33	2.67	4	3.67	4.5	5	5	5.67	5	3	3.25	3	2.6	2.75	3.4	2.75	3	4	4	3.33	4.33	4	5.33	5	4.33
3	3.5	3.67	3.5	3.67	2	2.67	3	2.67	3	4	5	3.33	5	5	5	4	3.25	4	2.2	3.75	1.8	2.25	1.8	4.67	3.33	4	1.67	1	6.33	7	7
1.67	1	2	1	2.67	3	2.93	2.87	2.83	3.3	5.33	6	6	6	5.33	5	4	4	4	2.8	2.25	2.4	2.25	1.4	5	3.67	3.33	1	1	7	7	7
2	2.5	4	4.5	3.67	4.5	3.67	2.33	3	3.5	3.33	4	4	5.5	4.67	5.5	3	2.25	2.33	3.4	3	3	2.5	3	4.33	3.67	3.67	1.67	1.5	5	4	6.33
1.33	1	2.33	1	2.33	1	3.67	3.67	3	4	4.33	3	4.67	2.5	5	5	2.67	3.75	3.67	3.2	3	3.8	2.75	3.6	1.67	1.67	1.67	1.67	1	5.67	6.5	6
3.33	4	4.33	5	3	2.5	3.67	2.33	2	3.5	2.33	3	6	5.5	2.67	2.5	3.67	3.25	3.67	3.2	3	4	3.75	3.4	2.67	3.67	2.67	1	1.5	6.67	7	6.67
3	1.5	1.33	3.5	2.33	1.5	3	2.33	3.33	2.5	3.33	5.5	3.67	5.5	4.33	5	4	3.5	3.33	2.8	3.5	2.6	2.5	2.6	3.67	4	3.33	2.67	2	6.33	6.5	6
2.33	1.5	2.67	2	4	2	3	2.67	2.67	3	3.67	4	5.33	5	5	5.5	3.67	4	3.67	2.4	2.5	2.4	1.5	2	3.33	2.67	2	1	1	6.67	6	5.67
2.33	2.5	2.33	2	1.67	1.5	2.67	2.67	3	2.5	5	5	5	5	5.67	5.5	4	3.5	3.67	1.8	2	2.8	1.5	1.8	3	3.67	3	1.67	1	6.33	6.5	7
1.33	2	4.67	2.5	3.33	3	3	3	2.67	2.5	1.67	6	4	3.5	5.33	6	4	4	4	3.4	3.5	2.2	2.25	2	2.33	2	1.33	2.67	2.5	6	7	6.67
1.33	1	2.67	2	2.33	1.5	3.33	2.67	3	2.5	4	4.5	6	5.5	6	5	4	4	3.33	2.8	3.5	2.8	1.75	2.8	2.33	2	2	2	2	6	5	5
3	1	1.67	1.5	3	2	1.67	1	2	1.5	2.33	2.5	3.67	4	6	4	3	3.75	4	2.6	2.5	3	2.5	2.2	5	3.33	4	3.33	2	6	5.5	6
2.33	1.5	2.33	2	2.67	2	4	2.67	3.67	3.5	4.67	3.5	5.33	5	4.67	4.5	3.67	4	4	3	4	2.6	3.25	1.4	1.67	1.67	1.67	1.67	2.5	6.33	5.5	5.33
1	1	2.33	1.5	2.33	1	4	3	3	4	5.67	5.5	6	6	5.67	6	4	4	4	2.8	3	3	1.75	1.8	2	2.33	2	1.67	2	6.67	6.5	6.33
2	2.5	3	3.5	4	3	3	1.67	2.67	3	4	4	4.67	4	4.67	4.5	3.67	4	4	3	3.5	3.4	3	2.6	2.67	2.67	2.67	1	1	5	5.5	4.67
1.67	1.5	1.33	1.5	1.67	1	3	2.33	2.67	2.5	5.67	4.5	6	6	6	5.5	3.33	3.75	3.13	2.8	3.5	2	1.5	1.4	3	2.67	2	2	1	6.33	6	6.67
3	2	2.67	3	3.67	2.5	2.67	3	2.67	3.5	4.33	3	3.67	4	4	4	3.67	3.75	3.33	3.6	3.25	3.2	2.75	3.2	6.33	6.67	6.33	5.67	6	6	5.5	6.67
2	1.5	3.67	3.5	3	2	3.67	3.33	3.67	3.5	3.33	4	4.33	3	5.33	5	2	2.75	1.67	3	3.25	2.6	2.5	2.8	3.33	4	3.67	1.67	1	6	6	6.33
2.67	1.5	2	2.5	4.33	1.5	2.33	1.67	2.67	3.5	3.67	3	4.67	4.5	4.67	4.5	4	4	4	1.8	2.5	2.6	1.5	1.6	5.67	5.67	4.33	3.67	1	4.67	5.5	5
3.33	2.5	5	6	3.67	5.5	3	2.33	3	4	2.67	4.5	4.33	3.5	4.67	6	2	1.75	1.67	3	2.5	3.4	2	2.4	5	4	3.33	6.33	4.5	4.33	6	5.67
3	4	4.33	4.5	3.67	2.5	2	2	3.33	2	3.33	4.5	4.33	4	4.33	3.5	2.67	2	2	3.6	2.5	3.4	3.25	3.8	5	5	4.67	3.33	3.5	6	5	5.67
3.67	2.5	3	4	3	4	2.67	3.33	3.33	2	3	2.5	3.67	3	3	3	2.67	2.25	2.67	2.6	3	2.8	2.5	3.4	4.67	4.67	3.67	1	1	6	6	6
1.33	1	4.33	1	4	1	4	3	3	4	5.67	5.5	6	6	6	5	3.67	3.75	2.67	2.8	4	2.4	2	1.6	1.33	1	1	1.67	1	6.67	6.5	6.67
2.67	2.5	4.67	4	3	3	3	2.67	3	3.5	3	4	5	5	4	4	3	2.5	3	2.8	3	3.4	3.5	3.2	2.67	4	1.67	1	1	7	6.5	6.67
3.67	2.5	4.33	4	4	3.5	2	2.33	3	2.5	3	5	4	5	4	4	3.33	3	3.33	3	2.75	3.6	2.5	2.8	4	3.33	3	2.67	1.5	6	5.5	5.33
3	3.5	4.33	2	2.67	2.5	3.67	3.33	3.67	3	5	5	5	5	2.33	4	3.67	4	3.67	3	2.75	2.6	2.5	1.8	2.67	2	2.33	2.33	1.5	6.33	4	4.67
2.67	1	1.33	3.5	2	1	2.67	2.33	3	1.5	4	4.5	6	6	4.67	3.5	2.67	3.25	3.33	3.6	3	3.8	3	2.4	4	4.33	4	3.33	4	3	4.5	1.67
2	2	2.33	4	2.33	2	2.67	3	4	4	4.33	4	4.67	4.5	4.33	5	4	4	4	2.8	2.25	2.2	2	2	3.67	3.33	2.33	1.67	1.5	6	6.5	6.67
1.67	1.5	2	3.5	3	1.5	3.33	3	3.33	3	3.33	5	5	5	5	4.5	3.33	4	3.67	3.4	3.25	2.4	2.75	3	2	3	1.67	2.33	1.5	6	6	6.33
1.33	1.5	2.67	4	4.33	6	4	2.67	3	4	6	6	3.67	5.5	6	6	4	3.75	4	2.6	2.25	3.2	3.5	2.8	4.33	3.67	4	1.33	1	6.67	6	7
2.67	3	4	5	4.67	5	3	3.33	2.67	2.5	3.33	5.5	4	4.5	5.33	5	3.67	3.25	4	4	3	2.8	2.25	4	4.33	4	2.67	1.67	3	6.67	6.5	6.67
2	1.5	2.67	4.5	3.33	2.5	3	3.67	2.67	3	5.67	5.5	6	6	5.33	5	3	3.25	3.33	1.8	2.25	2.8	2	1.8	2.67	2.67	1.67	3.67	1	6	7	6.33
3.33	1.5	4	3	4.33	3	2.67	2.67	2.67	2.5	4.33	6	6	6	5.33	5.5	4	4	4	2.4	3	2	1.75	2	5.33	3.67	2.33	1	1.5	6.67	7	6.67
1	1	1	1.5	1.33	1	3.33	3	3.67	4	4.33	6	6	6	5.33	5.5	4	4	4	3.2	2.75	2	2.5	2.2	5.67	5.67	3.67	1.67	2	4.67	6	4.67
2.33	2	1.67	1.5	1.33	3.5	4	3.67	3.33	4	4.67	5.5	5.67	5.5	2.33	4	3.67	3.25	4	1.8	2.5	2.2	2	2	3.33	3	2.33	1.33	1.5	6.67	7	6.67
2.33	2	4.33	3.5	4.33	1	3.33	2.67	3.33	3	3	1.5	1.67	1.5	4.33	4.5	3.67	4	4	3	2.75	2.8	1.3	2.6	5	4.33	3.67	2	1.5	7	6.5	7
3.33	2.5	3	4	3	3	3	3.33	3.67	3.5	3.67	3.5	2.33	3	5	4.5	3.33	3.5	2.67	2.6	3	3.2	3.25	3.4	4.67	5.33	4	3	1.5	6	6	6.33
2.33	1.5	2.33	2.5	2.33	2	3	3.33	3	3.5	3.67	4.5	4.33	3	4.33	4	3.33	3.75	4	2.8	3	3	2	2.8	2	2	1.67	1.33	1	6.67	6.5	6.67
3.67	2.5	4.67	3	4	4.5	4	3	3.67	3.5	2.67	1.5	3	3	4	3.5	3.67	3.25	3.67	3.4	3	2.6	2.25	4	5	4.33	4	2	2	4.67	6	4.67
2	2	4	3.5	3.33	3	2.33	3.67	2.67	3.5	3.33	4.5	4.33	4	4.33	4	3.67	2.25	2.33	3.2	3.5	3.4	3.5	3.6	3.67	2.67	3.33	1.67	2	4.33	4.5	6
1	1	1	3.5	4.67	2	2.67	3.67	3.67	4	2.67	3.5	4.33	4.5	4	4	4	4	3.67	3.4	3	4	2.25	3.4	4.67	4.67	3	1	1	7	6.5	6.33
3	2.5	2.33	3.5	3.33	2	3	3.33	3.67	4	4	3	2.67	3.5	3	4	4	4	3.67	3	3.22	3.6	3.5	2.6	4.33	3	3.67	1.33	1	6	6	6.33
2.33	1.5	3	3.5	5	2.5	2.67	2	2.33	3.5	5.33	5.5	6	6	6	5	3.67	4	3.67	3	3.25	2.8	2.25	2.4	3.33	3.33	3.33	1.33	1	6	5.5	7
1.33	2	2	1.5	3.67	2	4	3	3.67	4	4.33	4	5	5	4.67	4	3.33	3.25	3.67	3.2	3.25	2.8	2	2.8	6	6	4.33	1.33	1.5	6.33	6	5.67
3	1	1.33	2	1.33	1	3	3	3.67	4	4	3	5.67	6	5	4.5	4	4	4	2.8	2.5	2.6	2	2.4	1.67	2	1.33	1	1	6.67	7	7
1	1	1.33	3	1.67	1.5	3.67	3	3.33	4	5	5.5	6	6	5.33	6	4	3.5	4	3.8	3.5	3.6	2.75	3.4	3.33	3.33	3.33	2	2.5	7	7	5
2.33	2	3.33	3	3.33	2	3	3	3.33	4	3.67	3	3.67	4	3.67	3.5	3.33	3.5	3.67	2.62	3.25	3.4	3	2.6	4.33	3	3	2	3	5	6	6
2	1.5	3.33	3.5	1.33	1.5	3	2.33	3	3.5	5.33	5.5	3.67	5	4.67	5.5	3.67	4	3.67	1.8	2.25	2.4	1.25	1.4	2.67	1.67	1.67	2	1.5	5.67	5.5	6.33
5.33	4.5	5.67	5.5	4.67	3.5	2.67	2.67	2.67	3	1.67	1	1.67	1.5	5.67	5	2.33	3	3	4.2	3.5	4.2	3.25	3.8	5.33	5	5.33	2.33	2	6	5.5	5.67
2	2	1.33	2	1.67	2	3	1.67	2.33	3.5	3.67	5	5	4	4.33	3.5	2.67	3.5	2.33	3.2	3	2.8	1.5	3	3.67	4	2.67	2.67	2.5	5.33	6	5.33
1.67	1.5	2.67	2	2.67	2	3.33	3.33	3.67	4	5	5	4.33	4	5	5	4	4	4	2	1.75	1.8	2	1.8	3	3	2.33	1	1.5	7	7	7
2.33	1.5	1.67	1.5	4	1	3.33	1.67	2	1.5	2.67	4	3	3.5	3.33	2.5	3.33	3.75	3.67	2.4	3.25	2.8	3	2.4	2.67	4.67	3.67	5	2	5.67	4	6.67
4.33	2.5	3.67	5.5	3.67	5	3.67	2.33	2.67	4	4.67	4	4	3.5	6	4.5	3.67	2.5	2	4.2	4	4.2	2.5	3.6	5.67	3.33	4.33	2.33	1	6.67	6.5	6
2.33	2.5	3.33	3	3.33	3	4	2.33	3	4	3.67	4	3	3.5	4	3	3.33	3.5	4	2.8	3.5	3.6	2.75	3	5.67	5	4.33	2.67	1	7	6.5	5.67
2.67	1.5	3.4	1.5	1.53	1	2.27	1.87	1.97	3.65	4	6	1.33	5	5.67	5	3.67	4	3.33	3.8	4.25	3.2	3.25	3.6	2	1.33	3.33	2.8	2.5	5	6.5	6.67
1.67	1.5	4	4.5	4.33	1.5	2.67	2.33	3.33	4	3	3	4	4.5	5	4.5	3.33	3.75	3.67	3	3.75	1.8	1.25	1.4	4.33	3	3	1.33	1.5	5	4	5.33
3	4	4.33	3	4.67	2	4	3.67	3.33	4	3.33	2	4	3.5	5	4	3	3.25	3.67	2.42	2.5	3	2	2.4	3.33	3	2	1	1.5	7	6.5	7
2.33	1.5	2.67	3	2.33	1.5	3.67	3.67	3.67	3	4.33	2.5	2	1.5	4.67	4.5	4	4	4	3.4	5	3.6	2.5	1.6	1.67	1	1	1	1	6.33	6	6.33
2.67	4	2.67	3.5	4	2.5	3.33	2.67	2.67	3	4.67	3	4	4.5	3.67	4.5	3.33	3.5	3.67	2.6	2.25	3.2	2.75	3	2.33	3	2	3	2	6.67	6.5	6
4	3.5	1.67	2	2.33	1.5	3.67	2.67	3.33	4	4	4	5	4.5	4.67	4	3.67	3.5	3.33	2.2	2.5	2.8	2	2.8	2.67	2	2.33	1.33	1	6.33	4.5	6.67
3.67	2	3	3	2.67	1.5	2.67	3	2.33	3	2.67	5.5	4	3.5	5	4	3.67	3.25	3.67	2.6	2.75	3.4	2.75	2.8	2.67	2.67	2	2	1	7	7	7
2.67	2	3	4	3.67	3	3	3	3.67	4	4.67	5	4.67	5.5	4.33	4.5	3	2.25	3	2.2	2.5	2.8	2	2	6	5.67	6	1	1	6	7	6.33
1.67	1.5	5.33	3	2.67	1.5	4	3	2.67	3	3.67	3	5	4.5	4.67	3	3.33	3.5	3.67	3.8	4.5	3.6	3	3.6	1.67	1.67	1.67	1.33	2.5	6.67	7	6.67
1.67	1.5	3	2	2.67	2.5	3.67	3	3	4	4	5.5	5.67	5.5	6	5.5	3.67	4	3.33	2	2.6	1.8	1.25	1.2	2.67	1.67	1.67	1.33	1.5	7	7	7
2	1	2.33	1.5	1.33	1.5	3	2.67	3	3.5	5	6	6	6	6	6	4	3.75	4	3.6	3	2.4	1.75	1.6	2	2.33	2.33	1	1	7	7	7
1.67	2	2.67	2	3.33	2.5	3.33	3.2	3.63	3.65	5	6	4.33	5	5	5	4	4	4	3.4	2.25	2.4	2	2.4	3.67	2	3	1.33	1	7	7	6.67
1.67	1.5	3.33	2	2.33	1.5	3.67	4	3.67	4	3	4.5	2.67	4	4.33	4	4	4	3	3.4	3.5	3.2	2.25	3	2.33	2.67	2	1.33	1	6.67	6.5	5.67
3.33	1.5	3	4.5	2.33	2.5	2.67	3.33	3.33	3.5	4.33	5	5.33	5	3.67	4	3.67	3.5	3.67	3	4	4	2.75	3.4	3	3	3.67	2	4	5.33	6.5	6
2.67	1.5	3	3.5	3.67	4	3.67	3	2.67	4	4.67	5	3.33	4	4.67	5.5	3.33	3	2.67	2.2	2.75	3	2	2.6	3.67	3	3	1.33	1	6.47	7	7
4	3.5	4	4.5	4.33	2.5	3.13	2.83	3.1	3.65	1.33	1	1.33	1	4.67	4.5	4	4	4	4	3.75	3.6	3.5	3	3	4.33	4	2	1	6.67	6.65	6.6
2	1.5	1.67	3.5	3.67	2	2.67	2.67	2.33	3.5	4.33	5.5	6	6	6	5	2.33	2.5	2.33	3	3.5	3.2	2	3.4	3	3.33	3.33	1	1	5.33	5	6.67
1.33	1.5	2	2	4	1.5	3.67	3	3	3.5	5.67	3	6	6	4.67	5	3.67	4	3.67	3.2	3	3	1	2.2	3.33	2.33	2.33	1.67	1.5	5.33	6	5.33
3.67	5	3.67	5	5	3.5	2.33	2	3	4	2.33	3.5	1.67	1.5	4	4	3.67	4	3	3.4	3.5	3.6	2	3	5.67	6	5.67	3	1	5.67	6.5	4.67
2.33	1.5	1.33	2	2.67	1	3	2.67	3.33	4	3.67	4.5	5.33	5.5	4	5.5	3	3.5	3.67	3.6	2.5	2.2	2.05	1.9	4.33	4.67	3.33	1.33	1	7	7	7
2	1	1.67	2	4	1.5	4	3	3.33	4	4	5.5	6	6	5.67	5	4	3.5	3.67	3	3	2.8	1.5	2.4	3.67	3.33	2	1.67	1.5	6	6	7
3.33	1	3.33	1.5	1.33	1.5	3	2.67	2.33	3.5	5.33	5.5	5.67	5.5	5.67	5.5	4	4	3.67	4.2	4.25	2.6	2.75	1.4	3.33	3.67	3.67	1.33	1	7	7	5.33
3	3	2	3	3.33	2.5	3.67	2.67	3	4	1.67	3	3.33	4	4.33	5	4	3.5	3.33	3.4	3.25	3.2	1.75	2.4	5	5.33	3.67	2.67	3	7	7	6.67
2	1	2	1.5	3.33	1	3	2.67	2.33	3	5	6	6	6	6	5.5	4	4	4	2.8	3.5	2	2	2.8	1.67	2	1.67	1	1	4.67	6.5	5.33
3.67	4.5	3	3.5	3.67	4	3.33	3	2.67	3	2.33	3.5	1.33	1.5	3.33	3.5	3.33	4	4	3	3	3.2	2.75	2.8	4.33	4	3.33	3	3	5.33	5.5	5
1	1	3.67	1	1.33	1	3.67	3.33	3.67	4	5.67	5	5.33	5.5	6	5.5	3.33	2.75	3.67	2.8	2.75	2.4	3.25	2	2.33	2	1.67	1.33	1.5	7	7	6.67
1.33	1.5	2	3	3.33	1.5	2.33	2	2.67	3.5	4.33	4	5.67	6	6	5	3.67	4	4	2.4	3.5	2.2	2	1.6	4.67	3.67	3	1.67	1.5	6	7	6
2	1	2	1.5	2.33	1	3.33	3.33	3	3.5	4	5	3.67	4.5	3	3.5	3.33	4	3.33	3	3.25	2.8	1.75	2	5.67	5.67	4.33	2.33	2.5	6.33	6	6.33
3	1.5	2	3.5	3.33	3	2.67	3	3	4	4	4.5	4.67	4	5.33	5	3.33	3	3.67	3.4	3	2.8	2.25	3	3.67	5	3.33	2	2	6	6	6
1	1	2	1	1	1	3.67	2.67	4	4	6	6	6	6	6	6	4	4	4	2.4	2.72	1.8	1.75	1.4	1	1	1	1.33	1	7	7	7
2	2	2	2	2.33	2	3.33	3.33	3.33	3	4	3.5	4	4	5	5	3.67	3.5	3.33	2.2	2.25	2	2.25	2.6	2.67	2.67	3	2.33	2	6	6	6.33
2.33	1.5	2	2.5	2.33	1.5	3.67	2.33	3.33	3	5	4.5	5.33	5	5	4	3.33	3.75	3.67	3	3.25	3	2.3	2.8	4	4.67	4	1.67	2.5	6	5	5.67
1.33	1	1.33	1	1	1	3.67	3.33	4	4	5.67	5.5	6	6	5.33	6	4	4	4	2.2	2.25	2.6	1.25	1.8	2	1.67	1.33	1.33	1	7	6.5	7
3	4	3.67	5	5.67	4.5	2	1.67	1.67	2.5	4	4.5	3.67	5	4	3	3.33	2.75	2.67	3.8	4.5	4.2	2.75	3.4	7	6.67	6.33	5.33	3.5	5.67	6	5.67
1	1	1	1	2.33	1.5	3	2.33	3.67	4	5.33	5.5	6	6	6	5.5	4	4	3.67	1.6	3	2.6	2.25	2.2	2.33	1.33	2	1	1	6.67	7	7
2.33	1.5	3.13	3.5	3.33	4	3	2.67	3.67	3.5	5	4.5	5	4.5	5	5	3.47	4	4	3.74	3.25	3.12	2.92	2.42	5	4.33	4	2	1	6.33	6.5	6.33
3.33	1.5	1.67	5	3.67	2.5	2.67	3.33	3	2.5	4	4.5	4.33	5.5	5.67	4.5	1.67	2.5	2.33	3.6	3.25	4	2.25	3.6	7	7	7	1	2.5	3.67	3	4
2.33	2	3.33	3	3	2	2.33	2	2.67	1.5	3.33	4	4	5	5	5	2.33	2	2.67	2.4	3	2.8	2.25	2.4	4.33	4	4.33	1.33	1.5	6	6.5	6.33
2.67	2	2.67	4	2.33	5	3.33	3.33	3	3.5	3	4.5	4	5	4.67	4.5	3.33	3	3.67	3	2.5	3.2	2.5	2.6	2.33	2	2.67	2.33	1.5	7	4.5	6.67
3	2	2.33	2	1.33	2.5	3	3.33	4	4	4.33	5	3.67	5	4.67	5	3.67	4	4	2.4	2.25	2	1.5	1.4	1.33	1.67	1.33	1	1	7	7	7
1.67	1.5	3.33	4.5	5	4	3	3.33	3.33	2.5	4	5.5	5.33	6	5.33	4.5	3.33	3.5	3.67	3	3.25	3	2.25	2.8	6.33	5.33	5	2.33	2.5	5.67	6	5
3	1	2	1.5	1	1	4	2.67	2.67	3	5.33	3.5	5	5	5.67	5.5	4	4	3.67	2.6	3.5	2.8	1.25	1.4	4	3.67	3.67	2	1	6	5.5	6
2.33	2	1.67	3	4	3	2.67	2.67	3.33	3.5	3.33	3.5	4	5	5.67	4	3	3.25	3.33	2.2	2	2.6	2	2.6	5	3.67	4.33	4	3	7	7	6.67
3.33	2	4	4.5	4.33	3	2.67	1.67	2.33	2.5	2.67	4	4	4.5	2.67	3	2.67	1.75	2.67	2.6	3.75	3.4	2.25	2.8	5.33	5	4.67	2	3	5.33	5.5	4.33
2	2	4	3	3	1.5	3	3	3	4	4	4.5	3.33	4	5	4.5	3.67	3.5	4	3	2.5	3.6	2.25	3.2	3	3	2.67	1.67	1	6.67	7	7
1.67	1.5	1.33	1.5	1.33	1	3.67	3	2.33	3.5	4	6	5.67	5.5	5	5.5	4	4	3.33	2.2	3	2.6	2.75	1.8	1.33	2	2	1.33	2.5	6.67	6.5	5
3.67	3	3.67	4.5	2.67	2	2.67	2.67	3	3.5	3.67	3.5	5	4	4.67	4	4	3.75	3.67	3.2	3.5	2.8	2.05	2.4	4	4	4	2.67	1	5.67	5.5	7
1.33	1.5	3.67	2.5	2.33	3	3.33	2.33	2	2.5	3.67	3.5	3.67	4	3	3	3.33	2	2.33	2.6	2.75	2	2	2.2	2.33	3	3.33	2	2	4.33	4.5	3.67
2.67	1.5	1.33	3	2.67	3	3	3	3	4	4.67	3.5	5.67	6	6	6	4	4	4	2.8	2.5	1.8	2	1.6	3.33	3.67	2	1	1	7	7	6.33
2.67	1	1	1	1.67	1	3	2.33	3.67	3	6	6	6	6	6	6	3.67	4	4	2.8	4	3	1	2	3.67	4.33	4	2.67	2.5	6.33	6.5	7
4.67	3	5.33	4	5.33	2.5	3	1.67	2.33	3	1.33	3	4.33	4	2.33	2	1.67	1.5	1.33	2.8	2.5	3.2	2.75	3	5.67	6.33	6.33	3.67	5	3.67	5.5	4
2	1.5	2	2.5	3	2.5	3.33	2.33	2.33	4	5.33	5.5	5	5	5	5	4	4	4	2.2	3	2.2	1.25	1.6	3	2.33	1.33	1.33	1	7	7	7
3.33	2	3.33	3.5	3.33	2	2.67	2	2.33	2	4.67	4.5	4.33	4	5.33	4.5	3.33	4	3.67	3	2.5	2.6	2.75	2.2	4.67	4	2.67	4.67	1.6	6.67	6	7
2.67	2	3.67	4	4.67	3	2.33	1.67	3.67	2	4.67	4.5	4.33	5.5	4.67	4.5	3.67	3.5	3.67	2	2.25	2	1.5	2.2	5.33	5	5	1.67	1	6.33	6.5	6.33
3.33	1	3.67	2.5	4	5.5	2.67	3.33	3	2.5	5.33	5	4.33	5.5	5.33	4.5	3.67	3.75	3.67	2.8	3.75	3.8	3.5	3.4	4.67	3.67	3.33	4.33	2.5	5.67	4.5	5.67
2.33	2	4	3.5	4.33	2.5	2.33	2.67	3.33	3.5	2.33	2	2.33	3	2.67	3	3	2.75	2.67	2.6	3.25	3	2	3.6	6.33	6.67	5.33	1.67	2	6.67	6.5	6
4.67	3.5	5	4.5	5.33	5	3.67	1.67	2.33	3	1.67	2	2.33	2	5	5	3.67	3.5	3.67	2.8	3.75	4	3.25	3.4	6.67	6.67	5	6	3	5.33	6	7
1.33	1.5	1.67	6	3	1.5	3	2.67	3	2.5	5	5	6	6	5.67	6	3.67	4	3.33	2	3.25	2	1.5	1.4	5.33	5.67	3.67	2.33	1.5	6.33	6.5	5.67
2.67	1.5	4	2.5	1.67	1	3.67	3	3.33	4	4.33	5	5.67	5	5.33	4.5	4	4	3.67	2.6	3.75	3	2.75	2.6	2.67	3.33	1.67	1.67	1.5	6.67	6.5	6
3.33	2	3	4.5	4.67	4.5	3.67	2	2.67	2	3.67	2.5	4.67	4	4.33	3	3.67	2.75	2.67	3.2	2.25	2.4	2.75	3	4.67	5.33	4.67	1.33	1.5	6	6	5.67
3.67	1.5	2.67	4	4.67	2.5	2.67	2.33	3	4	5	5	5.67	6	4	4.5	3.67	3.5	3.33	3.8	4	3.4	2.75	3.2	4	4.33	4.67	1.33	2	6	6	5.67
2.67	2	3.33	4	2.33	3	3.33	3.67	3.33	4	2.33	2	3.67	2.5	3.33	4.5	3.67	3	3.33	4	4.25	3	2.5	3.2	4.33	5.33	4.33	2.67	3.5	6.33	6.5	6.67
1.33	1	1.33	1	1	1	3.67	3	3.33	3.5	5.33	5.5	6	6	5.67	6	3.67	4	4	2	3	2.4	2.25	2	1.67	1.33	1.33	1	1	7	7	7
4.33	2	3.67	2	2.67	1.5	2	3.33	2.67	3.5	3.33	5.5	5.67	6	4	5	3.33	3.75	3.33	2	2.75	3	1.5	2.2	4.33	2	3.67	3	1.5	6.67	7	6.33
1.67	3	3	2	1.67	2	3.7	2.27	3.1	3.65	3.67	5	4.33	5	3.33	5	4	4	4	3.6	3.5	3.6	2.25	2.6	1.67	2.33	1.67	1	1	5.67	4.5	6.67
2	5	4.33	5.5	3	1	3	2	2.33	3.5	3.67	4.5	3.33	4.5	4	6	2.33	2.5	2.33	3.2	2.75	2.8	2	2.8	5.33	5.33	6	2.67	2	5.8	6.5	6.67
2.67	2	4.67	4	4.67	4	2.33	2.33	3.33	3.5	4	4	2.33	3	5	5	3.67	3.5	3.67	3.2	3.5	3.2	2.75	2.8	3.33	4.67	3	2.67	3	5	5.5	4.67
2	2	1.67	2	2.33	3	3.67	2.67	2.33	3.5	4.67	5	6	5.5	6	5.5	3.67	4	3.67	2.2	3.5	2.6	2.5	2.4	3	2.67	2	1.67	1.5	6.33	6.5	6.33
1	1.5	1	3	3	1.5	2.33	2.67	3.33	3.5	4	5	4.33	5	4.33	3.5	4	4	4	2.4	2.25	1.8	1.75	1.2	3.67	2.67	2.33	3	1	5	6	6.33
1	1	2.33	2	4	1.5	2.67	3.33	3.33	4	5.33	4.5	6	5.5	5.33	5	3.33	4	3.67	2.6	4.25	2.8	1.5	2.6	4.33	4.33	5.33	2.33	1	6	6.5	6
1	1	2.67	1.5	2.67	2.5	4	2.33	3	4	3.67	6	6	6	6	6	4	4	4	2.6	1.75	2.8	1.75	2.2	4.67	3.33	1.33	1.67	1	6.33	5.5	5.67
1.33	1	3.33	1	1.67	1	2.67	3.33	3.33	4	5.33	6	6	6	6	6	4	4	4	1.8	1.5	2.2	1.75	1.4	2	3.33	1.67	1.33	1.5	6.67	6.5	6.33
1	1	2.33	2	1.33	1	1	1	1.67	1.5	4.33	5	6	5.5	5.67	5.5	4	4	4	2.6	2.75	1.8	1.5	1.2	4.33	4.33	1.67	3	1.5	5.67	5	5
1	1	2.33	1	1	1	4	3.33	3.67	4	6	6	4.33	3.5	5	4.5	4	4	4	2.6	3	3.2	1.25	1.8	1.67	1.33	1	1	1	7	6.5	7
2	2.5	1.67	2	2.33	3	2.67	2.87	2.97	3.65	4.67	5	4.33	5.5	4.33	5	3	4	3.67	2.4	2.5	2.4	2.25	2.4	3.67	3.67	2.67	1.67	1	6.33	7	7
1	1	1	1	3	1	3.67	2.67	2.33	3	5.33	6	5.67	6	4.67	5.5	4	3.25	4	1.6	3	2.6	1.75	1.4	4.67	4.67	4.33	4.67	5	6.67	5.5	6.67
2.67	2	2	4	3.33	3.5	3.33	2.67	2.67	4	4.67	4.5	4.67	4.5	3.67	4	4	4	4	3	3.5	3.4	3.25	2.8	3.67	2.33	2	1	1.5	7	7	7
2.33	3	3	2	3	2.5	2.67	3	3	3	4	5	5.67	5.5	6	5	2.67	3.25	3	3	2.25	3	3.5	3.2	3.67	4	3	2.33	2.5	4.67	5	5.33
2	1.5	4	3.5	3	2.5	1.67	2.67	2.33	2.5	4	1.5	3.33	3.5	4	3.5	4	4	4	2.6	3	3.2	3	3	6.67	6.67	2.67	3	1	7	7	5.67
2.33	3	2.33	4	3.67	1.5	3.33	3	2.67	2.5	2.67	3	1.67	2	4.33	4	3.67	2.75	2.67	3.2	3.25	2.4	3.5	2.1	3	3.67	2.33	1.33	3.5	6.67	6.5	7
2.33	2	1.67	2	2.67	3.5	3.13	2.83	3.1	3.65	2.33	3.5	4	4.5	4.67	3	4	4	4	2.8	3.5	2.6	1.7	2.2	2.33	3	2	1.33	1.5	7	7	7
1	1	1	3.5	2.67	5	3	4	4	4	5	6	6	6	6	6	4	4	4	1.6	1.75	1.8	1.8	1.5	2.33	2	1	1	1	7	7	7
1.67	2	1.67	3.5	3.67	2	2.67	2.33	2.33	2.5	4.33	4.5	6	6	5.67	5	3.67	3.5	3.67	2.6	3.25	3.4	2.25	2	2	2	2.33	1	1	5.67	6.5	6.67
2.33	2	3	2	2.67	1.5	3.67	3.33	3.33	4	4.33	5	4.33	5	4.67	4	3.67	3.75	3	2.4	2.5	2.6	1.75	2.2	3	3	2	1.67	3.5	6	5.5	6
1.67	1	4	3	3	2.5	2.67	3	3.67	4	4	6	5.67	6	5	6	4	4	4	2.6	3.25	3.2	1.5	2.6	2	2.33	2	2.67	1.5	7	7	7
3.33	3	3.33	3	3.33	5.5	2.67	2	2.33	3	6	6	5.33	5.5	5.33	5.5	2.67	2.75	2.67	2.4	3.5	1.4	3	3	3	2.67	1.67	1.67	1	7	7	7
1.33	3.5	1.67	1	2.33	1	3	3	3.67	4	5.67	6	6	6	6	5.5	4	4	4	1.8	2.5	1.4	2.05	1.5	4.33	3	2.67	2	1.5	7	7	6.67
2.33	2	3.33	3.5	2.33	3	2.67	2.67	2.67	3.5	4.67	5	4.67	5	4.67	5	3.67	3.75	4	3.4	3.5	3.6	2.75	2.8	5.33	3.67	3.33	2.33	2.5	7	7	6.33
2	3	3.33	2	4	3.5	2.33	3	3	3.5	5	3.5	5	5	5.33	5	3.33	3	3.33	3.4	2.75	3.4	2.25	3.2	3.33	3	3.67	1	1	6.33	6.5	5.33
3.33	2	3.67	3.5	2.67	3.5	2.67	3.33	3.33	3.5	4	5.5	4.67	5	4	5	3	4	4	2.6	3	2.6	2.3	2.2	4.33	3.67	2.67	1.67	2.5	5.67	6.5	6.67
1.67	4	3	3.5	2.33	2	4	3.67	4	4	4.33	4.5	5.67	5	5.67	5.5	3	3	3.33	2.8	2.75	3	2	1.8	1.33	2.33	1.67	1.33	1	6.67	7	6.67
2.67	2.5	3.33	4	3.33	3.5	3.33	2.33	3.33	3	4.67	4.5	4.33	4.5	4.67	4	3	2.5	3	2.6	2.75	2.6	2.3	2.5	5	4.67	5.33	5	1	7	7	6.67
3	3	4	4.5	5.33	2.5	3	2	2.67	2	3	4	4	3.5	3.67	3.5	3.67	3.5	2.67	3.6	4	2.8	2.25	3.2	4.67	4	4.33	5.33	3.5	5.33	5	6.33
2	2	2.33	3.5	2.67	2	2.77	1.67	2.67	3	4.33	3.5	5	5	5	5	3	3.5	2.67	2.8	2.25	3	2	2.4	5.67	6.33	4.67	4	2.5	4.33	5	5.33
1.33	1	5.67	3.5	3.67	1	3	2.67	3.33	4	4	6	5.67	3.5	6	5.5	4	3.75	4	3.4	3.25	4	2.3	2	1.67	3.33	1.33	1	1	6.33	7	7
2	1.5	2.67	2	3.33	3	3.67	3	3.33	2.5	3.33	3.5	5	5	4.67	4.5	2.33	3.25	3	2.6	3	3.2	3.25	3	4.33	3	2.67	1	1	6.67	7	7
3	4.5	5	5	5.33	3.5	3	2.33	3.33	3	2	3.5	2.33	3	5.33	6	4	4	4	3	3.25	2.4	1.5	1.8	5.33	5.67	6	1.67	1	6	6	4.67
1.67	1	1	1.5	1.67	1	3	3.33	3.67	4	4.67	5	5.67	5.5	5.33	5	3	3.75	3.33	3	3.25	2	1.75	2.2	3.67	3.33	3.67	1.33	1	5.33	5.5	6
2.33	1.5	2	4	3.33	3	3	2.67	3.67	3.5	4	5.5	6	5.5	5.67	5	3.67	4	4	2.6	3.5	2.2	1.5	2.4	3.33	3	3	1.33	1	6.67	6.5	7
5.33	1.5	3.33	4	3.67	6	3.67	2.33	2.67	3	2	3.5	3.67	3	4.33	4	3.33	3.75	3	3.8	3.75	3.8	2.5	4.4	5.33	6	5	3.67	4	5.33	5.5	6.33
1.67	1	4	3.5	3	1.5	3.67	3	3	3	4.67	5	5	5	5.33	4	4	3.75	3.67	2.4	2.75	2.4	2.25	2.8	4.33	5.67	2.33	2.33	1.5	6	7	7
3.67	3.5	4	4	4	3	1.67	2.87	2.63	2.65	3.67	3.5	3.33	3.5	3.33	3.5	1.67	3	2.33	2.8	2.75	2.4	2.5	2.6	4.67	5.67	5	4.67	6	5	4.5	5
2.33	2	2.33	4	3	2.5	3	2.67	3	3.5	4	5	4.67	5	4.67	4.5	3.67	3	3.33	2.8	2.75	2.6	2.25	2.2	3	2.67	2	2.33	1.5	5.67	5.5	6
1	1	1.33	1	1.33	1	3.33	3	2.33	4	4.67	5	6	5	6	5	4	4	4	3	3.25	4	3.25	2.6	1.67	1.67	1	1.67	1.5	6.33	7	6
1	1	2	1	1.33	1.5	3.67	3.67	3.67	4	5.67	4	5	5	5.67	5.5	3.33	4	3.33	3.2	2.75	2.8	2.25	1.8	1.33	1.33	1	1	1	6.33	6.5	6
2	1.5	3	3.5	2.67	2.5	3	2.33	2.67	3	4	5	5	5.5	4.67	5	3.67	3.75	3.33	3.2	3.25	2.8	3	3	3.33	3.33	2	4.33	2	6.33	5.5	5.67
2.67	2	2.33	3.5	4.33	4	2.67	2.67	3.33	3	3.67	4	4.67	4.5	4.33	4	3	3.5	3.33	3.4	3.5	3	2.75	3.2	4.67	5.33	4.67	2.33	2	4.33	5	5.33
1	1.5	1.33	2	2	2	2.33	2	2	3	4.67	4.5	4.33	5	5.67	5.5	3.67	3.75	3.67	2.6	3.5	2.6	2.5	2.4	4	3.67	3	1.33	1.5	6.67	7	6.67
4	4	4.33	4	3.33	3.5	2.67	2.33	3.33	3	3	4	3.67	3.5	4.67	4	2	2	1.33	3.6	3.47	3.2	2.8	3.4	4	3.67	4.33	3.33	2.5	5	5.5	5.67
2	3	2.67	4	3.67	3	2.33	2.67	2.67	3.5	3.67	4.5	4.33	4	4.33	5	3.67	3.5	3	2.4	2.25	2.6	2	2.2	4.67	4.33	3.33	2.33	1.5	5.33	5.5	5.67
1.67	1.5	2.33	2	3	1.5	1.67	2.33	2.67	2.5	5	6	6	6	5	4.5	3.33	3.75	2.67	2.2	2.5	2	2.25	2.6	1.67	2.33	2	1.67	1	6.33	7	7
3.33	2	2.33	3.5	4	2.5	3	2	2.67	2	4	4.5	5.33	6	4.67	5	4	4	4	2.4	2	1.4	1.75	1.6	4.33	4.33	5.67	2	2.5	6	6	6.33
2.67	2	3	3.5	4	2	3	3	3.33	3.5	4.33	5	5.33	5.5	3.67	3.5	3.67	3.75	3.67	3.4	3.5	2.6	3	3	4.67	5.33	4.33	3	1.5	5	5.5	5.33
1	1	1.33	1	2	1	4	2.67	3	4	5.67	6	6	6	6	6	4	4	4	2.2	2.75	2.6	2.47	2	4.33	4.33	2	1.67	4.5	5.67	7	7
4.33	3	3	4	4.33	3	2	2.67	3	3	2.33	2.5	4.33	4	4.33	3.5	4	4	4	4.2	3.75	3.2	2.75	3.4	5	4	2.33	2.33	1.5	7	6.5	7
1.67	1.5	4	2.5	2.67	2.5	3	2.67	3	2	2.33	2	2	1.5	5	5.5	4	4	4	3	3.75	2.8	2	2.4	3.33	3	2.67	1.67	1.5	6.33	6.5	6.67
2	2	3.33	4	2.33	2	3.33	2.67	3	2.5	3.67	5	6	5.5	3.27	2	3.33	3.25	2.33	3.8	3.75	3.2	3.25	3	4.33	5	2.33	2.67	2	5	5.5	6
1.33	1	1.67	3	2.67	1	2.67	2	3	3.5	4.67	6	6	6	5.33	4	4	4	3.67	2.6	3	2.8	1.25	1.4	4	3.67	4.33	3	3.5	5.33	6.5	5.33
2.33	2.5	4.67	5	4	3.5	2.67	2.67	2.67	3	6	5.5	6	6	6	6	3	2.5	2.33	3.8	3.25	3.4	2.5	3.8	3.67	3	2.33	3	1	6.67	6.5	5.33
2.33	1.5	4.67	4	5	2.5	3	4	3.33	4	5	3.5	4.67	5.5	5	4.5	4	4	4	3	4	2.4	1.75	2.8	4.33	3.67	4	1.67	1	6.67	6	6.33
1.67	1.5	2	1.5	3.67	2.5	2.33	2.33	2.67	2	4.33	5.5	5.67	6	6	5.5	4	4	3.67	1.6	2.5	2.8	1.25	1.8	5.33	5	4.33	4.67	4.5	6	6	5.33
4	5	4.33	6	4.67	5.5	2	2.67	2.33	2.5	2.33	3.5	4	3.5	5.33	4.5	3.67	3.75	4	3	3.25	3.2	2.5	2.6	5.67	5	5	2.33	2	5.33	6	5.67
2.67	2	3.33	2	2	1	3	2.67	2.33	3.5	4.33	5	4.33	5.5	4.67	3	4	3.75	3.33	2.6	2.75	2.8	2.5	2.8	3.67	4	4	2	2.5	6.67	6	6.33
1.33	1	4.67	3	2	1	3.67	2.67	3.67	4	4.67	5.5	4.67	5.5	5.67	5.5	4	3.25	4	2.8	3.5	1.8	2	1.6	2	1.33	1.33	1	1	7	6.5	7
2.67	3	4.67	5	4.67	3	2.67	2.67	2.67	3	3.67	3	4	3.5	6	5.5	4	4	4	2.8	2.75	3.6	2	3	4.67	4.67	5	3.67	3	5	4	3.67
2.33	2	2.33	4	3.67	4	3.67	3	3.67	4	4.33	4.5	5	5	4.67	4.5	4	4	4	2.8	2.25	3.4	1.25	1.8	5.67	5	4.33	2.67	2.5	5.33	5.5	6
2	2.5	3	3.5	3.67	4	3.33	3.67	3.67	3.5	4	4.5	5	4.5	4.33	4.5	3	3.75	3.67	3	3	2.2	2	3	4.33	4	4.67	2.67	2	5.67	6	6.33
4	3.5	3.67	4	3.33	3.5	3.67	3.33	3	4	5	3.5	4	5.5	5.33	5.5	3	3	3	2.4	2.5	2.4	2	2	1.67	2	1.33	1	1	6	6.5	6.33
1.67	1.5	1.67	2	2	2	3	2	3	2	4	5	5	5	4.67	5	4	4	3.33	2	3.5	1.6	1.5	1.6	4.67	3.33	3.67	2	1.5	6.33	7	7
2.67	3	3.67	3.5	4	3.5	3	2.33	2.67	3.5	3.33	4	3.33	4	3.33	4	3	1.75	2.67	2.6	3.5	2.6	2.75	3	3.33	4	3.67	3	1.5	5.67	5.5	5.67
1.33	1	3	3	5	4	2.67	2	3.67	3.5	4.67	6	5.33	6	5.33	5	4	4	3.33	3.2	3.25	2.4	2.75	1.8	2.67	1.33	2	2.33	1	7	7	7
4	5.5	5.33	3.5	6	3.5	1	1.33	2.33	1.5	2.33	2.5	1.67	2	2	3	3.67	3.75	3.33	3	3.5	3.6	3	2.4	5	4	4	2.67	1.5	5	6	6.67
2	2.5	4	6	3.67	3.5	3	3	3.67	3	3.33	4	5.67	5	3.33	3	3.33	3.75	3.33	2.2	3.25	2.8	2.75	2.6	2.33	3	3.33	1	1	5.67	7	5.67
4	1.5	1	4	1	2.5	3	2.67	2.33	3.5	4.33	1	5.33	5.5	5.67	5	3	3.5	3.67	2.6	2	3	1	1.4	2.67	3.67	2.33	1	1	5	7	7
1.33	1.5	1.33	4	4.33	2.5	2.67	2	3	3	4	5	3.67	4.5	5.67	5.5	4	4	4	2.6	3.25	2.4	1.75	3.6	4.33	5	3.67	2.67	1	6.67	6	6.67
1	1	1	1	2	1	3.33	3	3.33	4	5.67	6	6	6	5	5.5	3.67	4	4	2	2.25	3.2	2	1.8	2	2.33	1.67	1.33	1	6.67	6.5	7
2.33	2	2.67	3	3	2	3.33	3.33	3.33	3.5	4.33	5	6	6	5.67	5.5	3.67	4	3.67	3.2	3.5	3.2	2.75	3	4.33	4.33	4	2.33	1	6.67	7	6.33
1.67	1	1.33	2	2	1.5	3	3	3.33	4	3.33	5.5	5.67	5	5	5	3.33	4	3	2.8	2.25	2.2	3.5	1.6	3	2	2.33	2.33	1.5	6.67	4	6.33
3.33	3	2.67	4	4.33	3	2.67	2	2.67	3.5	3.33	3.5	4.33	4	5	4	3	3.5	3.33	3.2	4	3	2.75	2	3.67	3.67	5.33	3.33	3.5	5.67	5	6.33
2	2.5	5	4.5	4	3.5	2.67	2.33	2.33	3.5	2	2	2.33	1.5	4.67	3.5	3.33	3.5	3.33	3.8	3	3	2.75	3.2	4.67	4.67	4.33	1.67	1.5	5.33	6	5.67
3	1.5	4.33	5	5	3.5	3.67	2.67	2.33	3.5	2	2.5	2.33	2	5	5.5	2.67	2	2.33	4	4.25	4.4	4	3	3.33	2.67	2.33	1	1	6.67	7	6.67
1	1.5	3	3.5	2.67	1.5	3.67	3.33	3.67	3.5	5.33	5	5.67	5	5.33	5	4	4	4	2.8	2.25	2	1.5	1.8	4.33	3.33	2.67	1.33	1	6.33	6.5	6.33
1	1	1	1	1.67	1.5	3.33	3.53	3	4	1.67	2.5	6	5.5	5.33	6	4	4	4	2.2	2.5	2.8	1.75	2.6	2.67	2	1.67	1.67	1	7	7	7
2.67	1	4.33	3	2	2	3	2.33	2.67	4	3.33	4.5	5	5.5	3.33	5	4	3.5	3.67	3	4.5	3.2	2.5	2.6	2.67	2.67	2	1.67	1	6.67	7	7
1	1	1	3	4	1	3.67	2	2.67	3	4.33	6	6	6	5.33	5.5	3.67	4	3.33	2.2	2.5	2.4	1.25	1.8	5.33	4.33	5	3.67	2	5.67	5.5	6.67
1.33	3	3	2.5	4.33	3.5	3	2.67	3.33	3.5	2	3	4	1.5	1.33	3.25	3.67	3.5	3.33	3.4	2.75	3	2.5	3	2.67	3.67	3.33	2.67	3	6	6.65	6
2.73	3	2.8	3.5	3.67	3	2.33	2	2.67	2.5	2.67	1.5	3.33	2.5	3	3	2.67	2.25	2	3.4	3	3.2	2.25	3	4.67	4	6	2.73	4	5.33	5.5	4.67
1.67	1	2.33	1.5	1.33	2	3.33	2.67	3.67	4	2.67	4.5	6	6	6	5.5	4	1.75	4	3.14	2.25	2.2	1.8	2.92	2	2	1.67	1.33	1	6.67	6	6.67
1.33	1	1.67	1	1	1	3.33	3	3.67	4	5.33	4	5.33	5.5	5.33	6	3.33	3.25	3.67	1.8	2	2	1	1.8	2.67	2.67	1.33	1	1	6.67	6.5	7
2.07	1.5	2.03	3.5	3.67	3.5	2	2.33	2.33	2	3.67	3.5	4.33	5	5.33	4	4	4	3.33	2.4	3.25	2.2	2.55	2.6	5.67	5.33	6.67	4	3	4.67	5.5	5.33
2.67	2	2.67	2	1.67	1.5	4	3	3.33	4	4.67	5.5	4	4	4	5	3.67	4	4	2	2	2.2	2.55	1.4	3.67	4	2.33	2.67	2	5.67	6.5	5.33
2.67	2	3.67	2	3.33	2.5	2.67	2	2.67	3.5	4	3.5	5	4	5.67	6	3.67	4	3.33	2	3.5	3.8	3.25	2.2	4.67	4.67	3.67	4.33	4	4	4.5	4.67
1	1	2.67	1	2.67	1	2.67	2	2.33	2.5	4.33	6	6	6	6	4.5	3.67	3.5	4	1.8	3	2.2	1	2	3	4	4.67	1.67	2	6	6.5	6.33
3	3	3.33	3	2.67	2.5	2.33	1.67	2.63	2	3.33	3.5	4	4	4	4	3	3	3	3.2	3	2.8	2.75	3	2	3.33	3	2	1.5	6	6	6
2.67	4	2.67	3.5	3.67	3.5	3	2.33	3	1.5	4	3	3.67	4	4	3	3.67	3.75	3	3.2	2.75	2.6	2.25	2.2	3.67	2.67	3	2.67	2	3.67	4.5	4.33
2.67	2	3.67	4.5	3.33	2	3	3	4	2.5	4	5.5	5.67	6	5.33	5.5	3.67	4	4	2.6	2.75	3	2.25	2.4	4.67	4	3.67	2.33	2.5	5.67	6.5	7
2.67	2.5	2.67	3	3.33	3	3.33	2.33	2.67	3	3.67	3.5	4	4	4.33	3.5	3	2.5	2.33	2.8	2.5	2.8	2.5	3	4	4	2.67	3.67	3	5.33	5	5.33
1.33	1.5	2	2.5	2.33	1.5	3	3.2	3.3	3.65	4.67	5.5	5.67	5.5	5	3.5	3.33	4	3.33	2.8	2.5	2.8	1.75	2.2	4	3.67	3.33	3	2.5	4.67	4.5	4.67
1.33	1	1.67	2.5	2.67	2	2.33	2	3	3	3	6	6	6	6	5.5	4	4	4	2.4	3	2	1.75	1.8	3	2.67	1.67	2.67	2	6.33	4.5	6
2	1.5	2.33	2	4.33	3	2.67	2.67	2.67	2.5	3.33	4.5	4.67	4.5	4	4.5	3.67	3.5	3.67	3.4	2.75	3.2	2.5	2.4	6.67	5.67	5.67	1	1	6.33	6.5	7
1	1	2.33	3	2	1	3.67	3.67	4	4	5.33	4.5	6	6	6	6	4	4	4	2.8	2.5	2.8	2.5	2.6	1.67	2	1	1	1	7	6.5	7
2	1.5	2	3	2.33	1.5	3.33	3	3.33	3	5	4	4	4.5	5	4.5	4	4	4	2.6	3.25	2.2	2	2	2.67	3.33	2	2.33	2	6	6	6.33
1.33	1.5	1.67	1.5	1.67	1	2.33	3.33	2	3.5	3	5.5	4.67	6	3.67	4.5	3.67	4	3.67	1.6	1.75	2.6	1.5	1.8	4	3	2	3	1	6.67	7	6.67
3	4	4.67	6	5.33	3	1.67	1.67	2	2.5	5	5.5	5.33	4.5	5.33	5.5	3.67	3.5	3	3	3.75	3.2	3.25	3	5	5.67	5.67	4	6	4.67	4	4.67
4.33	2.5	3	4.5	4.33	2.25	2.67	2.67	3.33	3.5	3	3.5	3	3	3.67	3.5	3.33	3	3.33	3	2.75	2.6	2	2.2	4.67	3.33	3.33	2	2	6.33	5.5	6
2.67	4.5	2.67	3	2.67	2.5	3	3	3	3.5	2.67	4.5	5.33	4.5	4.33	4.5	2.67	2.25	2	2.6	3.25	2.4	3.75	2.2	4.33	4.33	5	3	3.5	3.33	5.5	4.67
2.33	2.5	3.33	4	4.33	5	3	2.33	2.67	3	3.33	4	4	4	4.67	5	3	3	2.67	2.4	2.75	2.6	2.75	2.4	5.67	6	5.67	2.67	2	5.67	5.5	6
2.67	3	3.67	4	4.33	3	2.7	1.93	2.23	3.15	3.67	2.5	3	3	3.67	4	4	4	4	1.6	2.25	2	2.25	2.2	4.33	3	2.33	1	1	6.33	7	7
1	1	1.67	4	4.33	5	3	2.33	2.67	3.5	4	6	6	6	5.33	6	2.33	3.25	2.33	3.8	3	3	2.25	2.8	6.33	6.67	6	3	5	4.67	4.5	4.67
1.67	2	1.67	1.5	2.67	1	2.67	2.67	3.33	3	3.67	5.5	5	5.5	3.67	3.5	3.33	3	3	3	3.5	3.4	3	3	5	4.67	4.67	3.33	1	6.33	6	5.67
3	3.5	4.67	6	5.33	4.5	3.33	2.33	2.67	2.5	4.67	4	4	3	4.67	5	3.67	3.5	2.67	4.2	2.75	3.6	2.5	3.4	5.67	4	5	2.67	1.5	5	6.5	5.93
3.33	3	3	4	5	2.5	2.67	2.67	3.33	3.5	3.33	4	3.67	4.5	3	4	2.67	2.75	2.67	2.8	3.25	2.8	2.75	2	6.67	5	4.67	4.67	4	5.33	5.5	4.67
2.33	1	1	1	1.67	1	3	3.67	4	3.5	3	6	6	6	6	6	3.67	4	4	2	2.25	2.8	1.5	1.6	4	4.33	4.33	1	1	6.33	7	7
1	1	4	1.5	1.67	1.5	3.67	2.67	3.67	3.5	4.67	6	6	6	5	6	4	4	4	2.6	4.25	3.2	2.25	2.6	1.33	1	1.33	1.33	1	7	7	7
2	1	2.67	1	2	1.5	3	3.33	3.33	4	5	6	5.67	6	5.67	5	4	4	4	2.6	3.25	2.4	2	2.4	2	2	1.67	1.67	1	6.33	6.5	6.67
3	4	4.33	2	2.67	1.5	2.33	2.33	3.67	3.5	2.33	3.5	3	3.5	4.67	4.5	3.33	4	3.67	2.8	2.75	2.4	2.75	2.6	2.67	2.67	2	2	1	6.67	7	7
2	1.5	3.33	1.5	3	2	2.33	2.33	2.67	3.5	3.67	6	6	6	6	6	4	4	4	2.8	2.75	3.6	2.75	2.4	3	2.67	2.33	2	3	6	6	6.33
2.67	3.5	4.33	5	3.67	2.5	2.67	2.67	3	3	2	2	2	2.5	4.33	4.5	4	4	3.67	3.2	2.75	2.6	2.25	2.6	5.67	5.33	3.67	3.67	2.5	6.33	6	6.33
1.33	1	1	3.5	3.33	1	3	2.67	3.33	4	5.67	5.5	5.67	6	6	6	3.33	3.25	3	1.2	1.75	2	1.75	1.4	2.33	2.33	2	1	1	7	7	7
2.67	2.5	2.53	2	2.67	3	3	3.67	3.67	3	2	1	1.33	1.5	4	4	4	3.25	3.33	3.42	2.5	3.2	3.05	2.8	4.67	5.33	5.67	1.67	1.6	4	5	4.67
