RA1	RA1	RC1	RC2	WO1	WO2	CC1	CC2	CC3	CC4	DM1	DM2	SS1	SS2	PS1	PS2	SE1	SE2	SE3	ELC1	ELC2	ELC3	ELC4	ELC5	EE1	EE2	EE3	DP1	DP2	PA1	PA2	PA3
1.33	1.5	3.33	3	2.33	2	3.33	3.67	4	4	5.33	5	5.67	5.5	5.67	5.5	3.33	3	3	3.2	3.5	2.6	3.25	2.6	3.67	3.67	1.67	2	1.5	6.33	6.5	6.33
2.33	2	2.67	3	4	2.5	3	3.33	3.33	2.5	4.67	5	2.33	3.5	5	5	4	4	4	2.6	2	2.8	1.75	2	3.33	4	3	2.33	3	6	5	5.33
3.33	4.5	4	5	5.33	5	3.33	2.67	3	2.5	3.67	3.5	3	4.5	3.67	3.5	3.67	3.75	3.67	2.6	2.75	2.4	2.5	2.8	5.67	4.67	5.67	1.67	1.5	5.67	5.5	5.33
2	2	3	3	3.67	3	3.33	3.33	3.33	3	4.67	5	4.67	5	4.67	4.5	3.67	3.5	4	2.8	3.25	3.4	2.75	2.6	5	3.67	3	2	1.5	5.33	5.5	5.33
3	1	5	5	3	1.5	2.67	2.67	3.33	4	4.33	3	4	1.5	5.33	5.5	4	3.75	3	4	4.25	4	3.75	3	2.67	3	2	3	1.5	5.33	5.5	5.33
2.67	3	4.33	3	3.33	4.5	3.67	2.67	3.67	3.5	3.67	1.5	2.67	1	3.33	5.5	3.67	4	3	1.8	3.25	2.4	1.75	2.2	2.33	3.33	2	2.67	3.5	6	6	5.33
1.67	1.5	2.33	2.5	3	3	2.67	3.33	3.33	3.5	5.33	5	5.67	6	5	5	4	4	3.67	2.8	2.25	2.2	2	1.6	4.67	3.33	2.33	1.67	1.5	6.33	6.5	7
2	3.5	2.67	1.5	2	1.5	3	2.67	3.33	4	3.67	3	5	5	4	3.5	4	3.25	3.33	2.4	4	2.6	2.5	2.8	2	2.67	2.67	2.33	1.5	5.67	6	6
4	3.5	3	3	4	3	2.67	2.53	2.97	3.35	3	3.5	5.33	4.5	4.67	5	4	3.75	3.67	2.4	2.75	2.6	2	1.8	4.33	4.67	3.67	2	1.5	4.67	5.5	5
2.67	3.5	3.67	2	3.33	2	4	3	3	2.5	4.67	5.5	4.67	4.5	5.33	4.5	4	4	4	2.4	2.25	2.4	1.75	1.8	3	3.33	2.33	1	2	7	6.5	5
2.67	2.5	3.33	4	3.33	2.5	3.33	2	4	2.5	4	5.5	5.33	5	4.67	4.5	3	3.75	3.33	2	3.25	2.8	2.27	2.8	5.33	4.33	4.67	2.33	1.5	6	6.5	6.33
3.33	1.5	1.33	1.5	3.33	1	3.67	3.33	3.67	3.5	4.33	5	5.33	5.5	5.33	5	4	4	4	3.4	2.75	2.4	2.52	2	1.67	2.33	1.33	1.67	1	7	7	7
4.33	3.5	3.33	4	3	2	2.67	2.67	2.33	3	4	2.5	2.33	1.5	3.67	3.5	4	4	4	3.8	3.75	3.2	2	2.6	4	3.67	4.67	2.67	2.5	7	7	6.67
1.67	2.5	2.33	3	4	3	2.67	2.67	2.67	2.5	4.67	4.5	4.33	4	3	3.5	3	3	3	4	4.25	3	2.25	2.6	5.33	4.67	4.33	4.33	3	4.67	5	4
3.67	3.5	3	3.5	2	2	2.67	2.67	3	4	2	2	1.33	1.5	4.67	4	3.33	3.5	3	3.6	3.75	3	1.75	3.4	4	4.33	3	1.67	2	5.33	5.5	6
2.33	2	2.67	2.5	4.33	2.5	2.67	3.33	3.33	3.5	4	2	1.67	2	4.67	5	4	4	3.67	2.8	3.5	2.6	2.25	2.2	4.33	4.67	3.67	1	1	5.67	6	4.33
2.33	1.5	4	2.5	5.67	1	2.33	1.67	2.33	4	2	3	3.33	2.5	2	2	2.33	1.75	1.33	3.2	3.25	3.2	2	2.2	5.67	6.33	6.67	5	5	2.33	3	3.47
2.33	2	2.67	2	3.67	2	3.33	3.67	3	3.5	3.67	3	4.33	4	3.33	4	4	4	3.67	3.6	3.75	2.5	2	3.14	3	2.67	2	1	2.5	4.67	4.5	4.33
2.33	3	2.33	2	2	2	3.33	2.67	2.67	3	4	4.5	4.67	5	5.33	5	4	4	4	2.8	2.75	2.4	2.25	2.8	2	2	2.67	1.67	2	5.67	5.5	6
2.67	1.5	3.33	4.5	2.33	1.5	2	2	2	2.5	3.33	5	2.33	4	3	2.5	3.33	3.5	4	2.4	3	2.4	1.5	2	3	3	3	1.33	1	6.33	6.5	6.33
1.67	1.5	3.33	3.5	1.67	1.5	2.67	3.67	3.33	3.5	4	5.5	5.67	6	5.33	5.5	4	4	4	1.8	2	1.8	2	2.4	2.33	2.67	1.33	1.67	1	6.33	7	7
2.67	2	5.33	5.5	3.33	2	3.67	3.67	2.67	4	3.33	1.5	2.67	3	4	3	3.67	3	3	3.2	3.5	3.4	2.5	2.8	4.33	4.67	6	3.33	3.5	5.33	5	5
4	5.5	4	6	6	4	2.67	1	2	3.5	2.33	2.5	2	2	3.67	5	3	3	2.67	4.2	3.25	4.2	3.5	3.6	5	4.67	5.67	1.33	4.5	5	5.5	6.67
1	1	1	1	1	1	3.67	2.67	3	3	6	6	4.33	6	6	6	4	4	4	1.8	2	1.2	1	1	1.67	1.67	1.67	1	2	5	7	7
3	3	3	3.5	2.33	1.5	3.33	1.67	2.33	3	3.33	3	2.33	2	4	3.5	3.67	4	3.67	3	3.75	3.2	2.25	2.6	5.67	5.33	4	5.33	3.5	5.67	4.5	5
2.67	3.5	4	3.5	4.33	3	2	2	2.33	2	3.67	4.5	4.33	4.5	4	4.5	4	4	4	3.8	3	3.2	3	2.8	5.33	3.67	4.67	2.67	1	7	6.5	6.67
3	2.5	4.67	2.5	2.67	1	2.67	1.33	2.33	2	3	2	2.17	1	4.33	4.5	3.67	4	4	3.2	2.25	3	1	2.2	2.33	3	2.67	3	2	5.67	6	6.67
5	2.5	5.67	3	4.33	4	3.67	2.67	4	4	4.33	4	4	5.5	2.67	3	4	4	4	2.6	2.25	3.4	3	2.6	4.67	3.33	2	2.67	1.5	6.33	6.5	6.67
2.33	2	4	3	4.33	4.5	2	1.67	1.67	2.5	4.33	5.5	4.33	5	2.67	4	3	4	3.33	2.6	3	2.8	2.25	1.8	6	5	4.33	2	3	6	6	6
2	1	4.33	2.5	2.33	1.5	3	3.67	3	3.5	3.67	5	5	5	4	4	4	3.75	3.67	4.2	3.5	3.2	2.5	2.6	2.33	2	2.33	1.67	1.5	6	6.5	6.33
3.67	2.5	5	4	3	1.5	3.33	3	3	3.5	4.33	3.5	2.33	4	3.67	3.5	3.67	3.5	3	4	3.75	3.2	3.75	3	3.33	3	4.33	3.33	4.5	6	5	4.67
2	2	3.33	2.5	1.67	1.5	3.67	2.67	2.67	2	5	5.5	3.67	3.5	4.67	6	4	4	4	2	2.25	2.4	1.5	1.6	3.67	5.33	5	3.33	3.5	5.33	6.5	6.33
1.33	1.5	2.67	2.5	3.33	1	3	3	2.67	2.5	2.67	4.5	4	4.5	4	5	4	4	4	2.6	2.25	2.2	1.5	1.4	3	3	1.67	1	1	7	7	7
1.33	1.5	2.33	1.5	3	1.5	1.67	2.67	2	3	4.33	3	4.33	3	4	4.5	4	4	4	3.2	3.5	3	1.25	2.2	5.33	3.67	1.67	1.33	1.5	5.67	6.5	5.67
2	1.5	2	2	3	3.5	3.67	2.67	2.33	2.5	5.67	5.5	2.77	5.25	4.33	6	4	3.75	3.67	2.8	3.5	2.6	1.75	3.2	3	3.33	2.67	3.33	3.5	5	4	4.33
1.33	2	1.33	4.5	3.67	2	3	3.33	3.33	3.5	4.67	6	4	5	4.33	4.5	4	4	4	1.8	2	2.4	1	2.4	4.33	4.33	3.67	1.67	2	6	6	6.67
3.67	2.5	2.33	3	2.67	2.5	2.67	3	3	4	2	1.5	1.33	1	3	2.5	2.67	3.25	3	3.2	2.75	3.2	2.75	2.8	3.33	4.33	5	3	2	5.33	4	4.67
2.67	2.5	3.67	2.5	4	2	3	3.67	3.67	3.5	3	3.5	3.33	4	4.67	4.5	3.67	3.5	3.33	3.2	2.75	2.2	2	2.4	4.67	5	3.67	2.33	3.5	6.67	7	7
1.67	1	1	1	1	1	3.67	3	2.7	2.7	6	6	6	6	5	5.5	4	4	4	2.8	4	2.8	1.75	2.6	1	1	1	1.67	4	6	5.5	6.67
2.67	2.5	2.33	2	1.67	1.5	2.33	1	2	1.5	3	3.5	4	3	4.67	4	2.33	2.25	1.67	4	4.5	3	2.5	2.4	3	3	3	2.67	2.5	4.33	4	4
1.67	1.5	1.67	1	2.33	2.5	3.67	3	2.67	3.5	5.67	6	6	6	6	5.5	3.67	4	4	2.8	3	2.8	1.75	2.4	2	1.67	2	1.67	1	6	6.5	5
3.33	3	2.67	2	2.67	3.5	3.33	3	3	3.5	5.33	5.5	6	6	5.33	6	3.33	3.5	3	2.8	2.75	2.4	3.25	2.34	3.33	2.67	3.33	2.67	1.5	6	6	6.67
2.33	1	2.67	1	1.67	1	4	3.67	3.33	3.5	2.33	3.5	2.67	3	5	4	4	4	4	2.6	3.5	2.8	2.75	2.8	2.33	1.67	2	1.33	1	6.33	6.5	6.33
3.67	5	4.67	5	4.33	4	2.67	3.33	3.33	3.5	4	3.5	2.67	4	4.33	3	3.33	3.75	3.67	3	2.5	3.2	2.5	2.4	5	4	3.67	2.67	1.5	4.67	4.5	6.67
2.33	4	4.33	5	3.33	2	3.33	3	3.67	2.5	3.67	4	1.33	2.5	4.67	4.5	3.67	3.75	3.67	3.4	2.5	2.8	2.25	2.4	4	3.33	3	3	2.5	6	6	5
4.33	5	3.67	5.5	4	4	3.33	3	3	4	3	2	3.33	3.5	4	3.5	3.33	2.5	2.67	2.2	2.75	2.6	2.25	3	5.67	5.33	5.67	2.33	2	5	5	5.67
2	1	2.67	2	3.67	2	2	1.67	2	1	2	3.5	3	2.5	4.33	3.5	3.33	3.75	4	2.8	3	3	1.75	2	4.33	4.33	4.67	2.33	5	4.67	5.5	6.33
1.67	1.5	2.33	4	2.33	1	3.33	3.33	3.67	4	4.33	5.5	5.33	4.5	6	5.5	4	4	4	2.8	2	2.4	2	2.6	3.67	4.33	3.33	3	2.5	6	6.5	6.33
1	1	1.33	1	2.67	3	4	3.67	3.33	3	5.67	6	6	6	6	6	4	4	3.33	3.4	3.75	1.6	1	1.2	4.33	4	2.67	1.67	1.5	6.33	5	5.33
3	2	4.33	5	4.33	3.5	3	3	3.67	3	3.67	2.5	1.67	3	4	4.5	3	3.5	3.67	3.4	2.75	2.4	2.5	2.4	4	4.67	5	2.33	2	6.33	4.5	4.33
3.33	1.5	1.67	4.5	4.33	2.15	3	2	3	2.5	4.67	4.5	5.33	5	3.67	4.5	3.33	2.75	2.33	3.84	2.5	2	1.25	2	4.33	4.67	4	1.67	2	4.73	5	5
1.67	1	4.33	1.5	3.33	1	3.33	3.67	4	3.5	4.67	5.5	5.33	4.5	4.33	5	4	3.75	4	4	2.75	2.8	1.77	3.4	3.33	2.67	2.33	1.67	1.5	6.67	5.5	6
2.33	1	2.67	1	3	1	3	2	2	1	4	5.5	4.33	4.5	3	4	3.33	3	3	2.6	2	3.2	2.25	1.6	3.33	5.33	5	6.33	5.5	4	4	2
2.33	2	2.67	2	4	2	3	2.67	2.67	4	5.33	5.5	5.33	6	6	6	3.33	3.5	3.33	1.8	2.75	2	1.25	1.6	3.67	3	2.33	1.33	1	6	6.5	6
2.67	2.5	4.67	3.5	4.33	2.5	2.67	2.67	2.33	3	2	2	3	4	4	4	3	3.25	3.33	3.4	4	3.2	2.25	2.6	6	6	5.67	6.33	5.5	6	6.5	6.67
2.67	1	2.33	2	1	1	3.33	3	2.33	2.5	4.67	6	4.67	5	3.67	4	3.67	4	3.33	2.44	3.75	2.4	1.77	2.1	3	3	3.33	2.33	2.5	6	6.5	6
2	2	3.67	1.5	3.67	1.5	3	3.67	2.67	4	4.33	3	5	3	5	3	4	3.75	4	2.2	2.75	2	1.5	1.8	4.33	3.33	1.33	1	1	6.67	6.5	6.33
2	2	4.33	3	2.67	3.5	3.67	2.33	2	3.5	5	5	4.67	4.5	4.67	4.5	3.67	3.88	3.67	3.2	3.75	3.2	3	4	3.67	3.67	3	2.67	1.5	6.33	5	6.33
3	3	3.67	4	2.67	2	3	2.33	3.33	3	2.33	2.5	2.33	2	4	3.5	3.67	3.25	3.33	3	3.5	2.4	2.25	3.6	4	3.33	2.67	3.33	2.5	4.67	5.5	6.33
2	2	3	2.5	2.67	2	3.67	3	3	2.5	4.67	5	3.67	5	4.33	5	3.67	3.75	3.67	3	2.25	2.6	2.5	2.2	4	3.67	3.67	3.33	2	5.67	6	6
1	2	4.33	1	2.67	1	2	2.67	2.33	2	3.33	6	6	6	6	5	4	4	4	3.2	2.75	2	2	3	2.33	2	2.33	1.67	1	7	7	7
2.33	2.5	3.33	2.5	2.67	4	3.33	2.67	3.33	2.5	4.67	4	3.67	4.5	5	5	3.67	3.5	3.33	3.2	3.5	3.4	2.75	2.6	3.33	3	3.33	3.33	1.5	7	7	6.67
1	1	2.67	2	3	1	3.67	3.33	3.33	3	5	6	6	6	5.67	6	3.67	4	3.67	2	2.25	1.8	1.52	1.2	3.67	3.67	1.67	2.33	1.5	6	6	5.67
3	2	3.67	2	2	1.5	3.33	3	3	3.5	4.67	4.5	5	4.5	4.67	4.5	3.33	4	3.67	2.4	2.75	2.2	1.75	2	1.33	1.33	1.67	2	1	5.67	6.5	6.33
2	2	2	2	1.67	2	4	3.33	3.33	4	5.33	5	4	4.75	4.83	5	3.33	4	4	3.2	3	2.6	3	2.6	2	2.33	2.67	2.67	2	6.67	6.5	7
5	2.5	3	3	4	2.5	3.33	2.67	3	3.5	4.33	5	5.67	5	5.33	4.25	4	4	4	3	3.25	3.4	1.5	2.8	2	1.67	1.67	1.33	1	7	7	7
1.33	1.5	2.67	3	5.67	1.5	3	2	3.33	3	2.67	2.5	3.67	2	2.67	4.5	2.67	3.5	4	1.4	2.5	1.2	1	1.2	5	4.33	3.67	1	1	6.67	6.5	5
1.67	2.5	2	1.5	1.33	2.5	3.67	3.67	3.33	3.5	4.67	6	4.67	6	5.67	6	3.33	3.5	3.33	2.4	2.5	2.4	1.75	1.4	5.33	4.67	3.67	1.67	1.5	5	6.5	7
1.67	1.5	1.67	2.5	3.33	1.5	3.67	3.33	3.33	2.5	3.67	4	5	5	4.67	3.5	3.67	3.5	3.33	2.8	3.25	3.2	3	3	3.67	3.67	1.67	1.33	1	7	6.5	5.33
1.67	4	5	5	4.33	3	2	2.67	2.67	2	1.33	1.5	1	1	4.67	4.5	3	2.75	2	3.2	3.25	3.4	3.25	3	6	6	6	5	4.5	4.33	5	4.67
1.67	1	3	4.5	4	1.5	1.67	2	2.33	2.5	3	4	2	3.5	3.33	4	4	4	4	2.4	3.25	2.6	2	1.4	5.67	5.33	4.67	5.33	5.5	4	5	5
2.67	3.5	2	3.95	5.33	4	3.33	2	2.67	1.5	3.67	6	5.67	6	5	6	4	4	4	3.4	3	3.4	2.5	3.4	4.67	3	2.67	2	3	7	6.5	6.67
4	2	3.33	1.5	4	1	3	2.67	3.33	3.5	4.67	4	3.67	4	5	5.5	3.67	4	4	2.6	3.25	2.6	2.75	3	5	4.67	2	1.33	1.5	5.67	5.5	5.67
1	1	3.33	2	2.33	1	2.33	2.33	2.67	2	6	5	6	6	5	5	4	4	4	2.4	2	2.6	1.25	2	1.33	1.67	1.33	3	1	6.33	5	5.67
2.67	3	4.67	4	3.67	3	3.67	2.33	3	2.5	2.33	3.5	2.67	3	4.33	4	4	4	4	3.2	3.25	3.2	2.25	3	1.67	1.67	2.33	4.33	7	5.33	6.5	6
2.33	1.5	3.67	3.5	4.67	1.5	3	3	3	4	3.33	5	3.33	5	5.33	5	4	4	4	2.8	2.75	3.4	2.75	2.2	6	5	4.67	3.33	2.5	6.33	6	6
4.33	6	6	6	6	6	2.33	2.67	3.33	3	3.33	2	1	1	2	1.5	1	1	1	4.2	3.5	3.8	3.5	3.4	7	7	7	5	1	3	6.5	6
1.67	1.5	3.33	2	1.67	1.5	3.67	4	3	3.5	5.67	3.5	5.33	3.5	4.67	4	4	4	3.67	3.6	4.25	3	1.75	2	3	2.33	2.33	1.33	1.5	6.67	6	7
1.33	1.5	4.67	3.5	3.33	1.5	2.33	2.67	3	3.5	4	4.5	5.67	5.5	5.33	6	3.67	3.75	3	3	1.5	1.6	2.25	2.2	3	2	1.33	1.33	1	5.33	7	5.67
1.67	1	2.67	2	1.67	1.5	3	3	3.33	3.5	4.67	5	4.67	5	5.33	5	4	3.75	4	2	2.75	1.8	1.5	2.2	2.67	1.67	1.67	1.67	1	6	6.5	6.67
3.33	3	3.67	4.5	4.33	4	3	2	3	2.5	3	3.5	3.67	4	4.33	4	2.67	2.5	3	3.6	4.25	3.4	3.75	3.6	4	5	4	2.67	4	3	5	5
3	2.5	3.33	3.5	4.33	3.5	3.33	3.33	3.33	3.5	4.33	5	4.67	5	4.67	4.5	3	3.75	3.33	3.2	3	2.6	2.5	3.2	4	3.33	2.33	3	2.5	5.33	5	5.33
2.33	2	4	1.5	2.33	3.5	3.67	3.67	3	3.5	4.33	5	3.33	4	5	5.5	4	4	4	3.4	4.25	3	2.25	3.2	2.67	2	2.33	1.33	1	6	6.5	6.67
2.33	2	3	2	2.67	1.5	3.33	3.33	2.67	4	4.67	6	6	6	4.67	5.5	4	4	4	2.6	3.25	2.6	2.75	2.4	2.67	2.67	1.33	1	1	5	7	6.33
3.33	1.5	2.1	2	1.67	2.5	3.33	3	3	4	4.73	5.5	6	6	5.33	5.5	3.33	4	3.33	2.6	2.47	3.4	1.75	2.4	1.67	1.33	1	1	1	6	7	7
1.33	1.5	4	2.5	4.67	1.5	3.67	3	2.67	3.5	4	6	5	6	6	6	3.67	4	4	2.4	2.5	2	1.52	1.8	4.67	5.33	5.67	2.33	6	6.33	6.5	4.67
2	2	1.67	2	2.33	3.5	2.67	2.67	2.67	2	4.67	4	5	5	4.67	4.5	3.33	3.75	3.33	3	2.25	2.6	2.25	3.2	3	3	2	1.67	2.5	6.33	6.5	6.67
2	2	2.33	1.5	1.67	2	3.33	1.67	2	2	3.33	3	4.33	3.5	2.33	2	3.33	3.75	3.33	3.2	3.75	3.6	2.25	2.6	4.67	5	4.67	4.67	3.1	6.33	6.5	6.33
2	5	4.67	3.5	5	3.5	2.67	2.67	2.67	2	1.67	2.5	3	2	4	2.5	3	3.25	2	3.8	2.5	3.4	2	3.2	5.33	5.33	5.67	4	3.5	4	4.5	4.33
1.67	1	3.67	3	2.33	1.5	2.67	3	3.33	2	4.67	5.5	6	6	4.67	4.5	3.33	3.25	3.33	3	3	3	2.25	2.8	3	3	3	1	1	5.33	6.5	4.67
4	4	4.67	3	4.67	2	2.67	2.67	3	3.5	4.33	5.5	4.43	5.25	4.33	4	4	4	4	3.4	3	3	2.75	2.4	3.67	2.67	2.67	1.67	1.5	6.67	7	5.33
3	2	3.67	5.5	3.33	2	2.67	1	2.33	2	2.33	4	3	2	5.33	5	3.33	3.25	2.33	3.4	3.75	3.2	1.75	3.4	2.67	4.33	3	4.33	4.5	5	4.5	4
2.33	2	2.33	1.5	2.67	2.5	3	3.33	3	3.5	5.33	5.5	5	6	5	5	4	4	4	2.8	3.75	2	2.25	2	2.67	2.67	2	1	1	6.67	6.5	6.33
1.67	1	1	1.5	1	1	3.33	3.33	4	3.5	5	5.5	4.67	4	4.67	5	3	3.25	3.67	2	2.25	2.4	1.75	2	3	2.33	1.33	1.67	1	6.67	5	6.47
2	2.5	4.33	3.5	3.33	2.5	3.67	2.67	2.67	3	4.33	5	4.33	4.5	4.67	5	4	4	4	3.4	3.75	3	2.25	2.6	4.33	4.33	3.33	1.33	1.5	6.33	5	6.33
2.33	1	2.33	3.5	3	2	3	2	2	2.5	4	5.5	3.67	4.5	5	5	3.67	3.75	3.67	2.2	2.5	2	2	1.4	3	2.33	1.67	3	2.5	6.33	6	6.33
2.67	3	3	1.5	3	1.5	3	2	2	1.5	3.67	3.5	3.67	4	3.67	5	4	4	3.67	3.2	2.75	2	2	2.4	5.33	4.33	3	2.33	3.5	7	7	6.33
1.33	1.5	4	2	2.67	3.5	3.33	3.67	2.67	3.5	4	5	5.33	4	4	4.5	4	3.75	3.33	3	2.75	3	2.5	2.8	5	3.67	3.33	1.33	1.5	4.67	4	3.67
2.67	2	2.9	3.5	4	2.5	3	3	3.67	3.5	3	2.5	2.67	2.5	4.33	3.5	4	4	3	3.6	2.75	3	2.5	3	2.67	3	3.33	1	1.5	6.67	6.5	6.67
2	2	2	3.5	4.67	2	3	3.67	3.67	3.5	4	5.5	5	5.5	4.33	4	4	3.25	3.67	3.2	3.5	2.6	1.75	2.2	3.67	3.33	3	1.33	1.5	6	5.5	5.67
1.67	1.5	2.67	3	1.33	1.5	3.33	3	3	4	4.33	4.5	3.67	4	4.33	4	4	3.5	4	3.2	3	3	1.77	2.8	3	3	1.33	2.67	4.5	5.33	6	6
3.67	2.5	5.33	4	4.33	3	3.33	3	4	2.5	3	3.5	3	3.5	2	2.5	3.67	3.75	3	2.8	3	3.2	2.5	2.8	3.67	3	3.33	1.67	2.5	6.33	6.5	5.67
1.33	1.5	3	3	2.33	2	3	3	2.67	3	2.67	5	5.33	5.5	4	5	4	4	3.67	2.4	2.5	3	2	2	2.33	2.33	2.67	2	1.5	5	6.5	6
2	2	2	2.5	4	3	2.67	1.67	2.67	2	3.67	4.5	3.67	5	5	4.5	3.67	3.75	3.67	3.2	2.25	2.4	2.25	2.2	4.33	3	2.33	2	2	6.33	6.5	7
2.33	1.5	3.67	4	4	3	3.67	3	2.67	3.5	4	6	5.67	5.5	5.33	5	3.33	4	3.33	3	2.5	2.6	3.75	2.2	2.33	2.67	1.33	1.67	1.5	6	6	6.33
3	2	3	2.5	2.67	1	3.67	3.33	3	4	3.67	5	2.67	5	5.33	5	3.67	3.25	3.33	2.6	2.25	2.6	1.75	2.8	1.67	2.33	2.33	1	4	6.67	6	6.67
1	2	3	2.5	2.67	1.5	2.33	1.67	2.33	3	4.33	5	5	5	4.33	5	3.67	4	4	2.6	3	2.8	1.5	1.4	5.33	6	4.67	6	6.5	5.67	5.5	7
2	1	2.33	2.5	1.67	3	2.67	2	2.33	2.5	4.33	2.5	2.67	3.5	5.67	5	4	4	4	3.8	4.25	3.2	2	3.6	1.67	3.33	2.33	3	2.5	4	5.5	5.67
2	2.5	2.33	3.5	2.67	1.5	2.33	1.33	2.67	3.5	4	5	5	5	4.33	3.5	4	4	4	2.4	2.25	2	1.25	1.4	4.33	3	4	2	2.5	5.33	6	6.67
3	3.5	2.67	2.5	2	2.5	3	3	3	2.5	5	3.5	4.33	4	4.33	4	4	4	3.67	3.6	3.5	3.6	3	2.8	2.33	2	2.33	1.33	2	5.33	6	6
3.67	3.65	3.9	4.5	5	3.65	3	3	3	3.5	3.33	3.95	3.8	3.75	4.83	4.5	3	2.25	2.67	3	2.5	3	3.5	2.8	5.67	6	5.33	3.67	2	6	6	6
2.67	1.5	2.67	3	4.33	3	3	3.67	3	3.5	4	6	5.33	5.5	5	4.5	3.33	3.75	3.33	3	2.75	2.2	2.5	2.8	3.33	3.33	1.67	1.33	1	6.33	6	5
1.67	1.5	1.67	1.5	3.33	1.5	2.67	2.67	2.67	3.5	4	5.5	4	5.5	5.33	5	4	4	4	3.2	2	3.2	1.75	3.6	2	1.33	1.33	1.67	1	6.67	7	7
2.33	1.5	2	2.5	2	2.5	3.67	3.67	2.67	3.5	5.33	5.5	6	6	5.33	5.5	3.33	3.5	3.33	3.2	3.75	3.6	2.75	3.2	2	2	2	2.33	2	6	6	5.33
2	2	2	2.5	4	3	2.67	1.67	2.67	2	3.67	4.5	3.67	5	5	4.5	3.67	3.75	3.67	3.2	2.25	2.4	2.25	2.6	4.33	3	2.33	2	2	6.33	6.5	7
2.33	1.5	3.67	4	4	3	3.67	3	2.67	3.5	4	6	5.67	5.5	5.33	5	3.33	4	3.33	3	2.5	2.6	3.75	2.2	2.33	2.67	1.33	1.67	1.5	6	6	6.33
3	2	3	2.5	2.67	1	3.67	3.33	3	4	3.67	5	2.67	5	5.33	5	3.67	3.25	3.33	2.6	2.25	2.6	1.75	2.8	3.33	4	2.33	2.67	4	6.67	3.5	4.67
1	2	3	2.5	2.67	1.5	2.33	1.67	2.33	3	4.33	5	5	5	4.33	5	3	2.75	3	2.4	2.75	3	3.25	3	5.33	6	4.67	6	6.5	5.67	5.5	7
2	1	2.33	2.5	1.67	3	2.67	2	2.33	2.5	4.33	2.5	2.67	3.5	5.67	5	4	4	4	3.8	4.25	3.2	2	3.6	1.67	3.33	2.33	3	2.5	4	5.5	5.67
2	2.5	2.33	3.5	2.67	1.5	2.33	1.33	2.67	3.5	4	5	5	5	4.33	3.5	4	4	4	2.4	2.25	2	1.25	1.4	4.33	3	4	2	2.5	5.33	6	6.67
3	3.5	2.67	2.5	2	2.5	3	3	3	2.5	5	3.5	4.33	4	4.33	4	4	4	3.67	3.6	3.5	3.6	3	2.8	2.33	2	2.33	1.33	2	5.33	6	6
3.67	3.65	4.67	4.5	5	3.65	3	3	3	3.5	3.33	3.95	3.8	3.75	4.83	4.5	3	2.25	2.67	3	2.5	3	3.5	2.8	5.67	6	5.33	3.67	2	6	6	6
2.67	1.5	2.67	3	4.33	3	3	3.67	3	3.5	4	6	5.33	5.5	5	4.5	3.33	3.75	3.33	3	2.75	2.2	2.5	2.8	3.33	3.33	1.67	1.33	1	6.33	6	5
1.67	1.5	1.67	1.5	3.33	1.5	3.67	2.67	3.67	3.5	4	5.5	4	5.5	5.33	5	4	4	4	3.2	2	3.2	1.75	3.6	2	1.33	1.33	1.67	1	6.67	7	7
2.33	1.5	2	2.5	2	2.5	3.67	3.67	2.67	3.5	5.33	5.5	6	6	5.33	5.5	3.33	3.5	3.33	3.2	3.75	3.6	2.75	3.2	2	2	2	2.33	2	6	6	5.33
3.33	2.5	2.33	3	2.67	3	2.67	2.67	3	3	3	3.5	3.67	3.5	3.67	4	3	2.5	2.33	3.2	3.5	3	3	3.2	6	5	4.33	3	4	5	6	4.77
1.67	1	2.33	3	3.67	1.5	2.67	4	3.33	3	5	5	6	5.5	5.67	6	4	4	4	3.4	3.25	2.8	1.75	2.4	3.33	2.33	2	2	2.5	6.67	6.5	6.33
1.67	1.5	2	2.5	3.67	2.5	2.67	3.33	3.67	3	5	5.5	5.33	5.5	4.33	5	3.67	3.75	3.67	2	2	2.4	1.75	1.6	3.67	3	3	1.67	1.5	6.67	6.5	6.67
2	1	1.67	2.5	3	2.5	2.67	3	2.67	3	5.67	5	5	5	5.33	6	4	4	4	2	2.5	3.2	2	2.2	4	3.67	3	2	2	6.67	6.5	6.33
1	1	1.33	1.5	4.33	3	3	3.33	3.33	4	5	6	5.67	6	4.67	5	4	4	4	1.8	2.5	2.6	3	1.8	4.67	4.67	4.67	2.33	2.5	6	5.5	6.67
5.67	5.5	4.67	6	5	1.5	2.33	2.33	2.67	3	1	2.5	1.33	2	3.67	4	2.67	2.75	2.67	3.2	3.25	2.2	2.75	2.6	5	4.33	5	3.67	3	4	5	4.33
2.33	2	4	3	4.67	1.5	3	2	2.67	2	3.67	5.5	4.67	5.5	3	3	3.33	3.75	3.33	3.6	3	3.6	2.5	2.8	5.33	5	4.67	4.67	2.5	5.33	5.5	5.67
3	2.5	3	3	3	3	3	3	3	3	4.33	4	4.33	4.5	4.67	4	3	3.5	3	2.8	2.75	2.8	3.25	3	3.67	3	2	1	1	6	6	6
1.67	1	2.33	3	2	1.5	2.67	3.33	3	3.5	5	4.5	5	3.5	6	5.5	4	4	3.67	2.4	2	2.2	1.75	2.2	2.67	2.33	2.33	2	1.5	6.33	6.5	6.33
1.33	1	1	1	1	1	3.67	3	2.33	1	4.33	5.5	6	6	3.67	5	4	4	4	2.4	2.75	2.4	1.25	2	3.33	2.67	2	1.33	1	6.67	6.5	7
3.33	1.5	4.33	3	3.33	2	3	2.67	2.67	3.5	2	2.5	2.67	3.5	2.67	4	3.67	4	3.33	3.8	2.75	3.4	2.02	2.4	5.67	4	4	1	1.5	3.67	5	5
1.33	1	4.67	3.5	3.67	3.5	3.33	3	3	4	5	4.5	5.67	5	5.67	5	4	3.75	3.33	2.6	1.75	3	1.75	2.6	5	4	2.67	2	1	4.33	6.5	5.67
1.33	2	1	4.5	2.67	2.5	3	2.33	2.67	4	6	3.5	5.67	5.5	6	5.5	4	4	4	2.4	3	3.6	1.75	2.8	4.67	2.67	1.67	1	1	6.67	5.5	4
1	1.5	2.33	2.5	2	1	3	2.33	2.67	3.5	3.33	4	4.33	4	5.33	6	4	4	4	3.6	3.75	3	2	1.8	2.67	2.33	2.67	2	1	5.33	6	6.67
2.33	1	1	1.5	3	1	3.67	3.33	3.33	3.5	4	4.5	5	5	4.67	5	4	4	4	2	1.75	2.4	1	2.8	4.33	2.67	2.33	1.33	2	6.33	6.5	6.67
3.67	1.5	3.33	3	2.67	3	2.67	3	3	2	4.67	5	4.67	5.5	4.67	4	3.33	3	2.67	2	3	3	1.5	2.4	4.67	5.33	4.67	3	3	4.67	5.5	3.33
1	1.5	3.67	2	1.33	1.5	4	3	2.33	3.5	4	5.5	5	5.5	4.67	5	3.33	3.75	3.67	3.2	3.75	3.4	3	2.6	1.67	1.33	1	1	1	7	7	7
3.67	1	3.33	3	1.67	1	2.67	2.67	2.67	3	4.67	5.5	5.67	5	3.33	5	4	4	4	2.2	2.75	1.8	1.75	2.2	3.67	3	2	2	1.5	5.67	6	6
1	1	3	2.5	4.67	1.5	3.33	3	3.33	3.5	5	3.5	6	6	5	5.5	3.33	3.25	3.67	2.8	2.5	2.4	1.5	2.8	6	6	5.67	2.33	2.5	4.33	5.5	6
2	2	3	2	2	1	3.33	3	2.67	3.5	4	5	5	5	5	5	4	3.75	4	2.4	3	2	2.5	1.4	3.33	2.33	3.33	1	1.5	6.67	6.5	7
1.33	1.5	1.67	3	1.67	2	3.33	3.33	3	2.5	4.33	4.5	5	5	5.33	5.5	3.33	3.25	3	2	3.75	2.2	2.5	1.6	3	2.33	2	1.67	1	5.67	6	5.33
2	1.5	1.67	2	3.33	2	3.33	2.67	3.67	3.5	5	5	5	5	5	5	4	4	3	2	2.75	2.6	1.75	2.2	2.67	2	1.67	2	2	5.67	6	4
2.33	2.5	3.33	2.5	3	2	3	3.67	2.67	3.5	4	3.5	2.67	3.5	3.67	4.5	4	4	4	3	2.5	2.2	1.75	1.6	1.67	2.33	1	1.33	1.5	6	7	7
2.33	2	2.67	3.5	2	4	3.33	1.67	2.67	1	4	3	3.67	3.5	4.33	5	4	3.75	4	3	2.5	3.2	3.25	2.4	4.33	4	4.33	5.33	3	5.67	5.5	6.33
1.6	1	3.67	3.5	3.67	1	3.67	2.67	2.67	2.5	2.67	3.5	3.27	1.5	4.33	5	4	4	4	3.6	3.5	2.8	1.75	2.6	1	2.67	2.67	4	7	6.67	6.5	7
3	3.5	3.67	3	5	2.5	3	2.67	3	4	4.33	5.5	4.33	6	5	5.5	3.67	3.5	3.67	3.4	2.75	3	2.5	3.2	5.67	4.33	5.33	1.33	3	6.33	6	5.33
2	1.5	2	2.5	3	3	2.67	2.67	3.33	2.5	3.67	5.5	5.33	5	4.33	5	2.67	3.75	3	2.6	2	1.6	1.75	2	4.67	4.67	5.33	1.33	2.5	6.67	7	6.67
2.67	1.5	3.67	3.5	2.33	1.5	3	2.67	3	3	4.33	5.5	5.67	6	5	5	4	4	4	3	2.75	2.8	3	2.8	3	3	2.67	2.67	1	6.67	6.5	7
1.33	1	2	2.5	1	1	3.67	3.33	2	3	5	6	5.67	6	5.67	5.5	3.67	3.5	4	2.6	2.5	3.4	2	2.6	3.67	2.67	3	1.67	1	6	6.5	7
1	1.5	1	1	1	1	3	1	1.67	2.5	6	5	6	5.5	6	5.5	3.67	4	3.67	3.8	2.5	2.4	2.75	2.6	2.33	2	1.33	2.23	1	7	7	7
1.67	1	3	3.5	2.33	6	2.33	2	2	3	4.67	5	5.33	5	5	5	4	4	4	2.8	2.25	2	1.5	1.2	5.67	3.67	2.33	2.67	2.5	6.33	7	6.67
1	1	1	1	1	1	3.33	3	2.67	2.5	6	6	6	6	6	6	3.67	4	3.67	3.4	3	1.8	1	1.8	2	1.67	1.67	1	1	6.33	4	6
1	3	2.67	1	1.33	1	3.33	3	3	2	5	4	6	6	6	6	3.33	4	3.33	3.8	3	3	1.75	2.6	5.33	6	5	3.67	5.5	6	4	6
2.33	2.5	5.33	4	4.67	2.5	2.67	2.33	2.67	2.5	3.33	2.5	4.33	4	3	3	3.33	3.5	2.67	3.8	3.5	3.4	2.25	3.6	6	5.67	6	6	6	3.33	4	4.33
1	1.5	1.33	1.5	1.33	1	3	3	3	2.5	4.67	6	5.67	5.5	5.33	4.5	4	4	4	2.4	2.75	2.4	2.25	2	3.67	3	2.67	1.67	1.5	6.67	7	7
1.67	1.5	3.33	2.5	2.33	2	3.33	3	3	4	4.67	5.5	5.33	5	3.97	4	4	4	3.67	2.2	2.75	2.4	1.5	1.6	4.67	4.33	3	2.67	1.5	4.67	5	5.67
3.67	5	4	4	4.33	2	2.67	2.67	3	2	3	5.5	4	5	4	5	3.33	2.75	2.33	3.8	3.75	3.8	4	3.6	5.67	3.67	5	3.33	1	6.67	6.5	6.67
1	1	1.33	2	4.33	1.5	3.33	3.33	2.67	3	4.33	6	4.77	5.5	5	5	4	3.75	3.67	2.4	2.72	2.8	2.02	2.7	4.33	3.33	2	2.33	1.5	6	6	5.67
1.67	2	2.33	2.5	4	2	3	3.33	3.33	3	4.33	4.5	4	3.5	4.33	3.5	2.33	2.75	2.67	3	3.25	2	2.25	3.2	6	4.33	5.33	3.33	3.5	4	4.5	3.67
1.33	1	1	1.5	1.67	1	3.33	2.33	2.67	3.5	3.33	5.5	5	5.5	3.67	4.25	4	4	4	2.2	2.6	2.52	1.75	1	4.67	3.33	2	1.57	1	6.53	7	6.13
2.67	4	4.33	2.5	2	1.5	2	1.33	1.67	3	3	4	4	4	4.67	5.5	2.67	2	2.33	3.8	4.5	4.2	1.5	3.6	5.33	4.67	3.67	3	1	4	5.5	6
2	2	2.33	2	2	1.5	3.33	3	2.33	3.5	5	4	5.33	4.5	5	4.5	4	4	3.67	3	3	3	2.75	2.6	1.33	1.33	1.67	1	1	6.67	6.5	7
2	2	2	2	2	2	3.67	3	3	4	5	5	5	5	5	5	4	4	4	3.2	3	3	2.75	2.6	2	2.33	2	2	2	7	7	7
3	1.5	5.33	4.5	3.67	5	2	1	1	1	4	4	1.33	1	5.67	5	3.67	4	3.33	3	4.75	2.2	2.75	2.4	4.33	5	4.67	6.67	6.5	5	3.5	6.33
1.33	1.5	4.33	2	4.67	1.5	3.33	1.67	2.67	2	3.67	5	4.67	4.5	3.67	4.5	4	4	3.67	3.2	3.25	3.2	2.5	2.6	4.67	3	2.67	2	1	7	7	7
1	1	1	1	1.33	1	2.33	2.67	2.67	3.5	5	6	5.67	5.5	5.33	5.5	4	4	3.67	2	3.5	3	1	2.6	3.67	3.33	2.67	2	1.5	6	6.5	6.33
2.67	5.5	6	4.5	4.67	4.5	2.33	2	2.67	3	3	1.5	2.43	2	5.67	5.5	4	3.75	3.67	4	4	3.4	3.75	3.4	4.33	2.67	4	6.33	4	5.33	6	3
2.33	1.5	3	5.5	4.67	4	2.33	2.67	2.67	3.5	3.67	5	5	4.5	3.33	4	3	3.25	2.67	2.6	3.75	3.6	1.75	2.4	6	5.67	5.67	3.33	5.5	5.33	5	6
1.33	1	1.33	1.5	3.33	1	3	3.67	3.33	2	4.33	4	4	4.5	4.67	4.5	4	4	4	2.8	3.25	1.4	1	1.6	4.67	4.33	2.33	1.33	1.5	5	6.5	5
2	2	2	3.5	2.33	2	3.1	2.87	2.93	2.7	4.33	5	5	5	4.33	3.5	4	4	3.67	3.8	3.25	3	2.5	2.8	2.67	2	1.67	2	2	6	5	5.33
1.33	1	1	3	5	2.5	3	3.67	3.33	2.5	3	5.5	4.67	5.5	4.67	5.5	4	4	4	2.8	2.75	4	3	3	5	3.33	3	1	1	7	7	5.67
2.67	2	3.33	3.5	2	2.5	2	1.67	1.33	2	4.67	4.5	5	5	4	3.5	2.67	2.25	2.33	3.2	3.5	3.6	2.75	3.4	3.33	2.67	3	3.33	1	6	5.5	5.67
3	2	2	2.5	2.67	2	2	1.67	2.67	2.5	4.33	3.5	3	3.5	4.33	4	4	4	4	3.2	2.75	3.2	2.5	3.4	4.33	4.67	5.33	1.33	1.5	6.67	5.5	5
2	1.5	3.67	3.5	2.33	3.5	3.67	3	3.33	2.5	3	5.5	5	4.5	5.67	5	4	3.75	3.33	2.2	2.5	2.4	1.25	1.6	5	4	4	2.67	2	5	3.5	6.33
1	1	1	1	2.33	1	3	3.33	3	2	6	6	6	6	6	6	4	4	4	2.8	3.25	1.2	1	1.2	1.33	1.33	1.33	1.67	1.5	7	7	7
2	1	2.33	2	2	1	3.33	3	3	3.5	5.33	5.5	4	5	4.67	5	3.33	4	4	3.2	3.25	2.2	2.25	2.6	2	2.67	3.33	1	1.5	6.33	6.5	6.67
2.67	1	1.33	3	2	1	3	2.33	3	2.5	5.67	4	5.33	6	6	6	4	4	4	2.2	3.25	3	2.75	2.8	3.33	2.67	1.67	1.33	1	7	7	7
3	1.5	3.67	3	3	1.5	3.33	2	3	2	3	4	3.33	3	3.33	4	3.67	3.5	3	2.8	3	2.72	2.25	3	4.4	4	3	1.67	1	4.67	4.5	5
1.33	1.5	2	2	2.67	1.5	2.67	3.33	2.67	4	4.67	5	4.67	4	4.67	4	4	4	4	3	3	2.8	2.75	2.8	1.67	2	1	1.33	1	7	7	7
4.67	6	6	6	4.33	2.5	3	2	3.33	2.5	1	3	2.33	2.5	5.67	4.5	3.33	3	3.33	4.4	3.5	4	2.75	2.8	3.67	3	3	4.67	6	7	7	6.67
1.67	2	5.33	5	3.67	1	2.67	2	2.33	2.5	4.33	3	2.33	3	4	4	3.67	4	3.67	3.6	3.75	2.4	2	2.8	5	4.67	4.33	3	3	5.33	6	5.33
2.67	1.5	1.67	2	2.67	1	3.33	3.33	3	3	5	5	3	5	4.33	5	4	4	4	2.8	2.5	2.8	2	2.4	5	3.67	3	2.67	2	6.33	6	5.67
2.67	2	3.33	2.5	1.67	2	3.67	2.33	2.67	3.5	4.33	1.5	3.33	3.5	3.67	3.5	3	3.75	2.33	3.2	3.5	3.6	3	3.4	3.33	3.67	4.67	3	3	4.33	4.5	5
2.67	4.5	4.67	4.5	3.67	1.5	2.33	3	3	4	3	3.5	2.67	2.5	5	4.5	4	3.75	4	3.4	3.25	4	3.25	3.2	5.33	4.33	3.67	1.33	1	6.67	6.5	6.67
2	1.5	1.33	2	1.67	1.5	3.33	3.33	3	3.5	4.67	4.5	3.67	4.25	5.33	5	3.33	4	3.67	2.4	2	2.2	1.75	2.2	2	2.33	1.33	2.67	2	5.33	5	6
3.33	3.5	3.67	3.5	3.33	3	3	3	3	3.5	3.33	3.5	3.33	3.5	4.33	4	3.67	3.5	3.33	3	3	2.6	1.75	2.14	5.33	5.67	5.33	5.67	5	5.33	5.5	6
3.33	2	3.67	3	3.67	5	2.33	2	2.67	2	5	5	5	5	4	4.5	3.33	3.25	3.33	2.8	3.5	3.2	2.25	2.8	5.33	4.67	4	3.33	2.5	5	6	6
2.67	1	4.33	3.5	4.33	1	2	3	3	4	4.33	3.5	2.67	3.5	6	6	4	3.25	4	1	1	1.8	1	1	7	7	3	5	4	7	7	5
1.67	2	3.33	3.5	5	3	2.67	3.67	3	3	3.67	2.5	2.33	4.5	3.33	4	3.33	4	3.33	4	2.75	3	1.75	3.2	5.67	4	3	2.67	3	5.33	6.5	6.67
2	3.5	4.67	4.5	3.67	3	3	2	2.33	2.5	3.33	5.5	5.33	5.5	4.33	5.5	4	4	4	3.6	3.75	3.4	3.25	3	3	2.67	2	2	2	6.67	6.5	6.33
3.67	3.5	3.33	4.5	6	4.5	2.67	2.33	3	3.5	2.67	3	2.33	4.5	5	5	3.67	3.5	3.67	3.6	2.75	3	2.75	3.6	5.33	4.33	2.33	1.33	1.5	4	5.5	5.33
2.33	1.5	2.67	3	4.33	3	2.33	1.67	2.33	1.5	3.33	5.5	5	4.5	6	5	4	4	4	3.2	4	2.2	1.5	2.2	4.33	4.67	4	1.67	3	4	3	5
2.67	1	2.67	2	4.33	3.5	2.67	3.67	3.33	4	5	5.5	5.33	4.5	5.67	4.5	4	3.5	3	2	1.75	2.8	1.5	1.8	4.33	3.67	2.67	3	1	7	6.5	5.33
4	4.5	4	3.5	4.67	2	2.67	2.33	2.33	2.5	2.33	2	1	1.5	4	4	4	4	4	3.2	3.25	3	2.5	2.8	4.67	4	3.33	3	4.5	4.67	4.5	4.67
2.33	2	3.33	2.5	3.33	1.5	3.33	2.33	4	3	5.33	5.5	4.67	4.5	4.33	3.5	4	4	3.33	2	2.25	3.2	2.25	2.8	2.67	3.33	2.67	2	1	7	7	7
4	1.5	3.33	5.5	5.33	5	1.67	2	2	3	1.67	1	1.67	1	2.33	2	3.33	3.5	3.33	3.96	3.5	3.4	2.5	2.8	4.67	4	4	4	2.5	4.67	4.5	5.67
2	2	4.33	5	5	3	3	1.33	3	1.5	3.33	2	6	3.5	5.33	4	3.33	4	3.67	3.4	2.75	2.8	1.5	1.8	3.67	5	4.33	4	3	6	6.5	6.33
1	1.5	3	3.5	3	1.5	3	2.33	2.67	3.5	3.33	4	4.33	4.5	4.67	4.5	4	4	3.67	3.8	3	3.2	2	1.6	4	2	3.33	2.67	2.5	6.67	6.5	6.33
3	2	4.33	3	4.67	3.5	1	1.33	2.67	2.5	3	2	5	3.5	3.67	4	3.67	4	3.67	2.4	1.75	3	1.75	2	4.33	4	3.67	3	2	5.33	4.5	6.33
1.33	4	3.67	3	5.67	2	3	3.33	3.67	3	3	4	4	5	3.33	3.5	3.67	3.5	4	2.8	3.25	2.8	1.75	2.2	7	5	3.67	1.33	1	5	7	7
3.33	2.5	2.67	2	3	1	3	3	2.33	3.5	4.67	5	4.67	4	4.33	4	3.33	3	3	2.2	2.5	2.6	1.5	2.2	4.33	4	2.67	1.67	2.5	6.67	6.5	6.67
4	3.5	3.67	4	3.67	2.5	3	3.33	3	3	4	4	4.67	5	4.67	4.5	3.33	3.5	3.33	3.4	3.5	3.4	2.75	3.4	2.67	3	3	2.67	2.5	5.67	6	5.33
3.67	2	2	2	2.33	2	3.67	3.67	4	4	4	5	5.33	5	5.33	5	3.67	4	4	2.2	3	2.8	2	3	2	2.33	1.67	1.33	1.5	6	5.5	6.67
3	2.5	3	4	2.67	3.5	2.33	2.67	2.67	2.5	3.33	1.5	3.33	3	4	4	3.33	4	3.33	3.4	4	3	2.75	2.6	4.67	4.33	3	3.67	1.5	5	5	4.33
2.67	1.5	4.33	3.5	4.67	1.5	2.67	2.67	3.33	4	4.33	5.5	5.67	5.5	4.67	5.5	3.67	3.75	4	3.76	3.5	1.6	1.75	1.8	3	2.67	2.33	2	2	6.33	6.5	6.67
4	3	4.33	5.5	5.67	3.5	2.67	2.67	3	3.5	4	4	5.33	5	4	4	3.33	3.25	2.67	2.4	3.5	2.6	2.02	3.5	4.33	4	5	4.33	2.5	5.33	7	6.33
3.67	5	5.33	5	4.57	2.5	3.67	4	3	4	1.33	1	3.33	3.5	5.33	3.5	3.33	3.5	2	4	4	3.6	2.75	3.8	6	6	5.33	2.33	3.5	6.67	7	7
1	1	1.67	1	2	2.5	3.33	1.67	1.67	1	6	6	5.37	4.5	5.67	6	3.67	4	4	3	3.5	3.2	2.75	1.6	2.33	1	1	1.67	1	7	7	7
2.67	4	4.33	3.5	3.67	2.5	3.67	3.33	3.33	2.5	3.33	3	2.67	1.5	6	6	3	2.75	3	3.8	4.25	3.8	3.25	3.6	3.33	3.33	2	2.67	1	5.67	5.5	6.33
1.67	1	4	1.5	2.67	1.5	3	3.33	3.67	3	3.67	3.5	3.33	4.5	5	3	3.67	3.25	4	3.6	2.25	3	2	2.2	2	2	2.33	1	1	5.67	6.5	7
3.67	2	1.67	2.5	2.67	1.5	3	3.67	3.67	4	6	6	3.67	6	6	6	4	4	3	1.6	2	1	1	1	3.67	3	3	2	1	7	7	7
3.33	2	4	3.5	4.67	3	3	2.67	2.33	2.5	4.67	4.5	4.33	4.5	4.67	4.5	3.67	3	3.33	3.2	3.25	3.2	3.25	3.2	4.67	4.33	3.33	3.33	2.5	5.67	5	4.67
2	1.5	5	1.5	2	1	2.33	2.67	2.67	2.5	4	4.5	3.33	5	4.33	4	3	2.5	2.33	4.2	3.25	3.8	3.5	3.2	2.67	3.67	3.67	2.67	3	4	6.5	5.67
1.67	1	2	2.5	3	1	2.67	3	3	4	4.33	5.5	5.33	6	6	6	4	4	4	2.2	3.5	2.6	1.5	2	4.67	3.67	3.33	1.67	1.5	5.67	6	6.33
2.33	3	2.33	3.5	3.67	2.5	3	2.67	3	2.5	4	4.5	3.67	3	3.33	3	3.33	3.75	3	3.4	3.25	3.8	2.75	3	2.67	2.67	2	3	2.5	5	4	4
2	2	3	2.5	4.67	3	2.67	2	2.33	2	3.67	3	4.33	4	4.67	4.5	3	2.75	4	3	3.25	3.6	2.75	3.6	4	4.33	2.67	2	1	5.67	5	4.33
3	3.5	1.67	1	3.67	1	3.33	2.67	2.67	3.5	5.67	6	6	6	5.67	6	4	4	3.33	2.2	2.5	2.4	2	1.6	2.67	1.67	1.67	1.33	1	7	7	7
1	1	1.33	1	2	1	2.33	1.67	2	2	6	5	6	5	6	5.5	2.67	2	1.67	2.4	4.25	3	2	3	5	6	4.67	3.33	1	4.67	6	5
3	2.5	4.67	2	2	1.5	3	2	2.33	3.5	3	1.5	3.67	2.5	5	5	3.33	4	3.33	3.2	3.5	3.6	3	3	4.67	5.33	4.33	1	1	5.33	6	6.33
1.33	1	2	2	1.33	1.5	3.33	3	2.33	4	5.33	5.5	6	5	5.67	4.5	3.67	3.25	3.67	3.4	3.5	2.6	2	1.4	3	1.33	2	2.33	1.5	5.33	7	6
1	1	2.67	2.5	3.33	3.5	3.33	3.67	3.33	2	4	3.5	4	5	3.33	4.5	4	4	4	2.8	2.75	2.6	3.5	3.6	2.67	2.67	1.67	1.33	1.5	6	4	5.33
2.67	2.5	3.67	4.5	4.67	3	2.67	2.33	2.67	3	4	3.5	4.33	3.5	4.33	3.5	3.33	3.75	3.67	2.4	2.5	2.6	2.5	2.2	3.67	3	3.67	3	2	6	5	5.7
2	3	3	5	4.67	3.5	2.33	2.33	2.67	2.5	5.33	5.5	3.67	5	3.67	4.5	3.33	2	3	2.6	2.35	2.8	1.75	1.4	6	6	5.33	4.33	3.5	6	6.5	5.33
3.33	2	3.67	4.5	5	4	3	2.67	3	3.5	4	3.5	5.67	4	5.33	4.5	3.33	3	3.33	3	3	3.6	2.75	3.2	2.67	2	2.67	3	3.5	5.33	3.5	6.33
2.33	2	4	4	3	4	3.33	3.67	3	3	5	5.5	4	2	6	6	4	3.25	3.67	2.8	3.35	2	1.75	2.6	5	3.33	3.33	1	1	6.67	7	7
2.33	1.5	2.33	2	1.67	1	3.33	2.67	3.33	3.5	4.33	5.5	5.33	5.5	5.33	5	3.33	3.75	3.67	2.4	2.25	2.4	2.5	2.6	2	2	1.67	2	1.5	4.67	5.5	4.67
2.33	1	1	2	2.33	1.5	2.33	1.33	2.67	2	5.67	6	4.33	4.5	5.67	5.5	3.67	4	4	2.4	2.25	1.4	1	1.8	3	4.33	3.67	3	2	5	6	4.33
2	1.5	3	3	4	1	2.67	2.33	2.33	3	5	4.5	4	3.5	5.33	5.5	4	3.5	4	2.4	3.25	2.2	2.02	2.3	4.33	3	2	1.33	3	6	6.5	5.67
5	5.5	4	2.5	2.33	2.5	2.67	3	3.33	2.5	2.33	5	4	4.5	3	3	3	3	2.33	3.4	3.75	3.2	3.5	3.8	5	6	4.33	3.67	3.5	5	4.5	3.67
2	2	4	2	3	2	1.33	2.67	3	3	4	5.5	4.33	4	4.67	5.5	4	4	3.33	3.6	3	3.4	2.5	2.4	5.67	5.67	3.33	3.4	3	5.33	5.5	5
1.67	1	2.33	1.5	1	1	2.87	2	2	3	3.67	3.5	4	5	4	4	3.67	3.5	3.67	3	2.5	2.8	1.75	2.8	2	2.33	2	1.33	1.5	6	5.5	5
2.67	1	2	3.5	3.9	2.5	2.67	2.33	3	2.5	3.67	4.5	4.77	4.75	5	6	4	4	4	2	2.5	2.8	2	1.6	3.67	2	2.67	1	1	6.33	6.5	6.33
3.33	3.5	3.33	3.5	4	3	3	3.33	3.67	3.5	4.33	5	4.67	4	4	3.5	4	3.25	3.33	4	3	3.6	2.75	3.4	4.33	4.67	4	1.33	2	5.67	4.5	5.33
3	2	4.67	5.5	2.67	2.5	3	1.33	3	2.5	3.33	3	2.33	1.5	3	2.5	3	3.75	3.33	3.2	3.5	4	3.75	3.4	2	2.33	3	2	1	4.33	6	5
2.67	3.5	4.33	3.5	4.67	2	2.67	4	3.33	3	2.33	3.5	2	4.5	4.33	4.5	4	3.25	3.67	3	2.75	3.4	2.25	2.8	3.67	3.33	3.33	2.33	2	4.67	6.5	5.67
3	3	3.67	3	4.33	1.5	3	3.33	2.67	2.5	5	3	1.33	1	5.33	6	4	3.75	3.33	3	2.35	2.6	2.25	3.4	3.67	3.67	3.33	2.33	2.5	6.33	6.5	7
1.67	1.5	5.33	4.5	4	2	3	2.53	2.97	3.35	4	3.5	1.67	4	5	5.5	4	4	4	4	3.75	4	2.25	3.8	3.33	4.67	2.67	2	3.5	7	7	7
2	2	2.33	3.5	2.33	2.5	2.67	3.33	3.67	3.5	4.33	3.5	4	4.5	4.67	5.5	3.33	4	4	2.8	3.5	2.6	2.25	2	5	4	2.67	1.33	1	5.67	5	6.33
1.33	1.5	1.67	1	3.33	1	3.33	3.67	3.33	4	4.33	6	6	6	6	6	4	3.5	3.33	3.2	2.75	2.6	2.25	1.8	5	4.33	3	1.67	1.5	6.67	7	6
1	1	2	1	1.67	1	2	1.67	2	2	4	6	6	6	4.67	4.5	3.67	4	4	3.6	4.5	2.6	3	1.6	5.33	4	2.67	2.67	1	6.67	5.5	7
1.67	1	2.67	1	1	1	3.33	4	4	4	4.33	6	6	6	6	6	4	4	4	1	1	1.8	1	2.6	1	1	1	1	1	7	7	7
2.67	2.5	4	3.5	2.67	3	2.67	2.33	3	3	4.33	4	4.33	4	4	4	3.33	3	3	2.8	3.75	3.6	3	2.8	2.67	2.67	2.33	2.33	1.5	6.33	6.5	6.33
1	1	2	1	1.33	1	2.67	1	2.33	1	5.67	3	4.33	5.5	5.33	5.5	3	3	4	2.6	4.5	4	3.5	3.8	1.33	1.33	1.33	3.33	1.5	6.67	5.5	5
1.33	1	3.67	1	1.33	1	2.67	2.67	2.67	2.5	4.67	2.5	1.33	1.5	5.67	6	4	4	4	2.6	2.75	2.4	2	1.4	3	3.33	4.33	2.67	4	4.33	5	5
3	2.5	3	3.5	5.33	1.5	3	3.67	3	3.5	2	4	2.33	2.5	3.33	4	4	3.75	3.67	2.4	2.75	2.2	2.25	2.4	4	3.67	2.33	2	2.5	5.33	5	4.67
2.33	1.5	3	3	5.67	5	2.33	2.33	3.67	3.5	3	4	5.33	4	4.33	5	4	4	4	2.6	3	2.8	2.02	2.3	4.67	3.67	2.67	1.33	1	6.33	6.5	6.67
2.67	1	2.67	1	1	1	3.67	2	2.67	4	6	6	4.33	6	6	6	4	4	4	2.2	3	1.8	2	2.2	1.67	1.67	1.33	1	1	7	7	7
3	1.5	4	4.5	4.33	3	3.33	3.67	3.33	3	4.33	5.5	4	5	4	4.5	3.67	4	3.67	3	3	2.8	3	2.6	4.67	4	3.33	2	2	5.67	5.5	5.67
1.67	1.5	3.33	4.5	4	1.5	3	3.33	3.33	3.5	4.67	6	5	6	5	5	3.67	3.75	4	2	2.75	2.4	1.5	2.2	3.33	2.33	1.67	1.67	2	6.67	7	7
2.67	2.5	2.67	4.5	4	3.5	2.33	2.33	3	3	4	4.5	5	4	3	4	3.33	3.75	3.67	2.8	3.75	3.2	2.75	3.4	5	5	4	3.33	3.5	4	4.5	3.67
3	2.5	3.33	3	4	1	3	2.33	3	3	4.67	5.5	5.67	5	3.67	4.5	4	4	4	2.8	3.5	3	2.25	2	3.67	2.67	2.33	2.33	2	5.33	4.5	6.33
1.67	1.5	1.67	2.5	2	1	3.33	3	3	3	4.33	5	4.33	5	5	5.5	4	4	4	2.2	2.5	2.4	1.75	1.7	3	2.67	1.67	1.33	2	6	6	6.33
2.33	2	2.33	2	2.67	1.5	2.67	3	2.67	3	4.33	4.5	5	4.5	4	4.5	4	4	3.33	2.8	3	3.2	2.5	2	3.33	2.33	1.33	1.33	1.5	6.73	7	6.67
3	2.5	4	3	3.67	2	3	2.67	3	2.5	3.67	4	4	4.25	4.67	4.5	4	3.5	3.33	2.2	3	3	3.5	3	3.67	3.33	2.67	3.67	3	5.33	6	5.33
1.67	1.5	1.67	3.5	1.67	1.5	3	1.67	2.33	2.5	5	5.5	5	5	4.67	4.5	3.67	3.5	3.33	3	3.75	3	1.75	2.2	3.33	3.33	3	1.33	2	5.33	5	5.33
2.67	1.5	1.67	2.5	2.67	1.5	2.57	2.33	2.67	2.5	3.67	4.5	4.43	4.15	5	5.35	3.33	4	3.67	2.2	2.75	2	2.25	2.6	3.33	3.33	2.67	3	2	5.33	4	5
2	2.5	2	2.5	2	1	3	2	3.33	3	5.33	5	5	5	6	6	3.67	4	3.67	2.6	1.75	1.4	1.75	2.2	2	2	2.67	2	1.5	5.67	4.5	6
2.33	1.5	1	3.5	2.33	1.5	3	2.67	2.67	3	5	5.5	5.43	5	5.33	6	4	4	4	3.24	3	3	1.77	2.2	3	2.33	2.33	1.67	1	6.67	7	6.33
1	1	2.33	1	3	1.5	3	2.67	3	3.5	4.67	6	5.33	6	5.67	4	3.67	4	4	2.2	2	2	2.5	2	2.67	2.67	2	1.33	1.5	5.67	5.5	5.67
1.67	1	2.33	2.5	3.67	2	3	2	3	2.5	5.67	6	6	6	6	6	3.33	3.5	3.67	2.6	2.5	3	2.75	3	4	3	2	1.67	1.5	7	7	7
4.33	3	3.67	4.5	4.67	2.5	2.67	2	1	2	2.33	3.5	3	3.5	2	3	3.33	3.75	3	1.6	2.25	2.8	2.25	1.6	4.33	3	2.67	2.67	1	6.33	4	5.33
2.33	1.5	2	4	3.67	2.5	3.33	3	3	3.5	4.67	4	4.33	4.5	5	5.5	4	4	4	2.8	3.75	2.8	2.25	2.4	3.67	4	3	1.67	1.5	5	5	6.33
2.33	5	5.67	2	5.67	1.5	2	2.33	2.33	3.5	1	1	1	2.5	6	6	4	4	3.33	2.2	3.1	1.96	1.5	1.8	4	2.67	3	4	5	5.33	6	6
3.67	1.5	3	4.5	3.33	1	3	2	2.67	2	3	4	3	5	4.67	5	4	2.5	3.33	2.8	2.75	2.4	1.77	2	3.33	2.67	3	1.33	1	6.67	6.5	7
2	2	3.33	3.5	2.67	2.5	2.67	2.67	3	3.5	4.67	6	6	6	6	5.5	4	4	3.33	1.4	2.75	2.6	1	1.8	4.67	3.33	3.67	1.33	1	6.33	7	7
2.67	1.5	4	6	4.67	3	3.33	2.33	2.67	2.5	4.33	4.5	4.33	4.5	5.33	5.5	4	4	4	3.2	4	3.2	2.75	3	4	3.33	2.67	2	1	6	6	6.67
1	1	3.33	2	2.67	1	4	3.33	3.33	3.5	5.33	4	3.33	4	4.33	5.5	4	3.5	3	3.2	2.75	3.2	1	2.4	4	4	2.33	2.33	1.5	6.33	6.5	6.33
4	3.5	5	4	5.67	4	3	3	3	2.5	3.33	3.5	2.67	3.5	5	5	3.67	4	3.33	3	2	2.8	2.25	3.6	6.67	6.67	6	3.33	3.5	5.67	5.5	6.67
4	4.5	5	6	5.67	5.5	1.67	2	2.33	3	1.33	1	1	1	4.33	3	4	3.25	3.67	3.8	3.75	3.6	2.75	3.4	5.33	5	3	4	2.5	5.67	5	4.67
1.67	1.5	3.67	3	4	4	2.67	2.67	2.67	2.5	3.67	3.5	3.67	4	5	5	3.67	3.5	3.67	3.6	3	2.6	2.25	2.4	4.67	4	3.33	3.33	2.5	5	5.5	4.33
1.33	1	1	1	1	1	3.67	2.33	3	2.5	6	5	6	5.5	5.33	5.5	4	4	4	2.6	2.75	2.8	2	1.8	3.67	2.33	1.67	1.33	1	6.67	7	6.67
1.67	1	1.33	1.5	2.67	1	3.33	1.33	2.67	3	4.67	5.5	4	6	6	5	3.67	4	4	2.2	2.25	1.8	1.25	1.4	3	3	1.67	2.33	1.5	5.33	4	5
2.67	3	3.33	3	2	1	3	2.67	3.33	2.5	2.33	1	1	2	5.33	5.5	4	4	4	3.6	3.5	3	2.5	2.4	5	5	6.33	2	2	4	6	5
2.67	2	3.67	4.5	4.67	5.5	3.33	3	3	3.5	2.33	2.5	2.67	2.5	4	2.5	2	2.25	2	3.2	2.25	2.2	1.52	3	4	3	3.33	1.67	2	4.33	3.5	3
2.33	2	2.67	1.5	2	1	3.67	3.33	2.67	3.5	5.67	6	5.67	6	5	6	4	4	3.67	2.6	1.75	2.6	2	1.6	1	1.33	1	2	1.5	7	7	6.33
2.33	1	1.33	2	2.67	1.5	3.33	3.67	3	4	4.67	6	5.67	6	5.33	5.5	3.33	4	3.33	2.6	2	3	2.5	2	3.33	3	2	1.67	1	5	6	6.33
1	1	3.33	3.5	1.67	1	3.33	2.33	2.67	4	5	5.5	6	6	4.67	5.5	4	4	4	2	4	3	3	2.2	2.33	3.33	1	1.33	1.5	7	6.5	6.33
4	4	4	4.5	4.33	5	2.33	2.33	2.67	2.5	3	3.5	3.33	3.5	2.67	3.5	3.67	2.75	3.33	3.2	3	2.8	3.25	3	5	3	3	3	1	6	6.5	4.67
3	1.5	3.33	4	3.33	2	3	2	2.67	2.5	4.67	5	5	5	4.67	5	4	4	4	3.2	3.25	2.8	2.25	2.2	4	2.67	4	2.67	1	7	6.5	7
3	1.5	3	2	2	1.5	2.67	1.33	3.33	1	3	5	5	4.5	5.67	5.5	2.67	2	2.67	4	4	4.2	2.25	3.2	5.33	6.33	6.33	5	6	5	4	3
2.67	3.5	4.9	6	4.67	1.5	3	1.33	2.33	4	2.67	1	3.33	3.5	2	3.5	3	2.75	2.33	3.8	2.25	2.6	1.25	2	4.67	5	6.33	3	1	3.33	4	4
3	3	3	3	3.33	3.5	3.67	3	2.33	2	4	4	4	4	3.77	3.5	3.6	3.25	4	2.6	3.25	3.7	2.25	2.84	2.67	3.67	3.33	2.33	2	3.67	6	5.67
4	1.5	3	6	4	3	3.33	3	2.67	2.5	3.67	5	3.67	4.5	4	5	3.67	4	4	3.6	3	3	2	2.8	6.33	6	6	3	1.5	5.67	5.5	5.33
3.33	1.5	2.33	1.5	2.33	1	3.33	2.67	2.33	2	4.67	3.5	3.67	5	5	5	2	2.25	2.67	2.8	3.25	2	1	2.8	4	4.67	3	2.33	4	6.33	5	5.67
2.67	1.5	1.67	2.5	2.33	2	2.67	3.33	3	4	4.67	5.5	5	5	5.33	5.5	3.33	4	3.33	2	2.25	1.2	1.25	1.6	4.33	2.67	2.33	1.33	1	6.67	7	6.67
3.33	3	4.33	5	5.33	2.5	2.67	3.33	3	3.5	2.67	1.5	1	1	4.33	4	3.67	3.75	3.67	2.6	2.25	2.8	2	2.8	4	4.67	4.33	2	2	4.67	5	5.33
1	1.5	1.67	2	2.67	2	3.67	4	3.67	3.5	5.67	4	4.33	5	5.67	6	4	4	3.67	2	2	2.2	2.25	1.2	2	2	1.67	1.67	1.5	6	5.5	4.67
3	1.5	3.33	4.5	5.33	4.5	2.67	3	3	3.5	4	4	3.67	4	3.67	4.5	3.67	3.75	3	3.2	2.75	2.2	2	2	5.67	4.67	4.67	3.67	2	6	5	5.67
2	2	3.33	2.5	2	1.5	2.67	2	3	2	5.67	6	6	6	6	6	4	4	4	1.4	2	1.6	1.5	1.2	1.33	1.33	1.67	3	4	7	7	7
2.67	2.5	4	2	5	3	3.33	2.67	2.9	3	4	5.5	3	4.75	4	4	3.33	4	3.33	2.8	3	2.8	2.75	3.2	5.33	4.67	4.67	2.33	1.5	6	6	6.33
2.67	2	3.23	5.5	4.33	3.5	2.67	2.67	3	3	2	1.5	3.43	2.5	3.67	4	3.33	3.5	3.33	3.6	3.5	3	2.25	2.2	3.67	2.33	2.33	1.67	1.5	4.67	4	3.67
2	3.5	4.33	2.5	5.33	1	1.67	2	2	3.5	4.67	3	2.33	2.5	2	1	3.67	3.25	2.67	3	2.75	3.6	2.75	2.2	5	4.33	5.67	6.33	5.5	6	3.5	3
2.67	1	2.67	1.5	2	1.5	4	2.33	3	4	6	3.5	6	6	5.33	5.5	4	4	4	3.2	3	2.8	1.5	2.4	5	3.67	4	3	3.5	7	7	6.33
2	3	4.33	2	1.67	2.5	3.33	3.67	3	3	2.67	5.5	4	4.5	4.67	4.5	4	3.5	3.67	3	3	3.2	1.75	3.6	3	3.33	2.33	1.67	1.5	4.67	6.5	4.67
3.33	3	4.67	4.5	4.67	3	3	2.33	3	2.5	3.33	4.5	5	5	5.33	5.5	3.67	3	3.67	3	3.5	3	2.25	2.6	3.33	2.67	3.33	3	3.5	4.33	4.5	4.67
2.33	1.5	2.67	2.5	3.33	1.5	3	3	3.33	3	5.33	5.5	4.33	5	5.67	5	4	4	3.67	3	3	3.2	2.75	3.6	3.67	3.33	3.33	1	1	7	7	7
3	4	4.67	2.5	1.67	2.15	3.33	2.33	3.33	3	1	1	3	3	2.67	1	3	2.75	3	3.6	3	2.2	2.75	3.8	4.67	4.33	3.67	1.33	1.5	5.4	5	6
1.67	1.5	1.33	1	1	1	3	3.67	3	3	4.67	4.5	3.67	4	4.67	4.5	4	4	4	3.6	3.75	3.2	2	2.4	2	1.33	1.33	1	1	4.33	5	4.67
3.67	2	2.67	1.5	3	1.5	2.33	2.67	2.67	2.5	5.33	3	4.67	4.5	5.67	5.5	3.33	3.5	3.67	2.8	2.75	3.2	3	2.4	2.33	2	3	3.33	3.5	5.67	5	6
2.33	2.5	4	3	4.67	2.5	3.67	3.67	3.33	4	2.67	6	6	6	5	5	1	1	1	3.2	2.75	2.8	1.5	1.6	4	4.33	3	1.33	1.5	7	7	6.67
2.67	1	1	1	1	1	3	2.33	3.33	4	4.33	6	6	6	6	6	4	4	4	4.2	2.5	2.6	2.5	1.2	1	1	1	1	1	7	7	7
2	2.5	1.67	2.5	4.33	3.5	3	2	2.33	3	4	3.5	2	1	4.67	4	3.33	4	3.33	1.8	3.25	3	2.75	2.2	4	3	2.67	1.33	1.5	5.33	5.5	5.67
3.33	4	4	4.5	4.33	2	3	2	3	3	4	5.5	4.33	3	3.67	4.5	4	4	4	3.6	5	3.8	2.75	4	4	3	5	3.33	2.5	5	6	4
1.67	1.5	4	3	4	2.5	2	2.33	2.33	2.5	3.33	4	5.67	5	5	4	4	3.75	3.33	3	3.5	2.8	2.25	2.8	3.33	3	2.33	2.33	2.5	5.67	4.5	5.33
2.67	2	2.33	3.5	2.33	2	3.33	3	3.33	2.5	4	3.5	4.33	4.5	4.33	4.5	4	3.75	3.67	2.6	2	2.6	2.25	2.8	3.67	3	2.33	1.33	2	5.33	6.5	6.33
2	1.5	1.67	2	1.33	1.5	3	2	2.67	2	5	1.5	4.33	4.5	3.67	4	3.33	3.5	3	3	2	3	2.02	2.6	2	2	2.67	3.33	3	3.67	5	4
1.33	1.5	3.67	3	3	1	2.33	2	2.33	2.5	4	2	5	4	5.67	5	4	4	4	3.2	3.5	2.4	2.25	1.6	6	5.33	5	3.33	3	6.33	6.5	6.67
2.67	2.5	3.67	3	3.67	2.5	2.33	2.67	2.33	3	4	4.5	4	4.5	4	4	4	4	4	2.8	3	3	2.75	2.6	3.33	2.67	2.67	3.33	3	6	6	5.33
2.33	3.5	3.67	1.5	3.67	1.5	2.67	2.67	3.67	3	4	5.5	5.67	5	6	5.5	4	4	4	3.2	2.5	2.2	2.75	2	3	2	2.33	2.67	3	6.67	6.5	6.67
3.67	1.5	4.33	4.5	5.33	1	3.67	3.67	3	2	3.67	4	5.67	4	6	4	4	3.5	3.67	4.2	2	4.2	1.25	2.8	3	4.33	2.33	1	1	5.67	5	5.67
3	4	3.33	4.5	3.33	3.5	3	2	2.67	2.5	3	1	2.33	2.5	3	3	3.67	4	4	2	2.5	2.2	1.25	1.6	4.33	5	5.33	3	2.5	4.67	5.5	5.33
1.67	2.5	4.67	4	2	1.5	3.33	3.67	3.33	3.5	4.67	4.5	3	4.5	5.67	5	4	4	3.67	3.4	3.25	2.8	1.75	2.6	1.67	2.33	1.67	1.67	1	6.67	7	6
1.67	1.5	3.67	2.5	1.67	3.5	1.67	2	2	2.5	5	5	4.67	5	5	5	3.67	3.75	3.33	2.6	2.5	2.8	2.5	1.6	3.67	2.33	2.67	2.33	3	4.33	4	4.67
2	3	2.33	2	2.33	2	3.33	3	3.67	3.5	3.33	4.5	4.1	4	3.67	4	3.67	4	3.33	2.8	2.25	2.8	1.5	2	2.33	2.4	1.67	1	1	6.33	5.5	6
2.33	1.5	2	1.5	3.33	2.5	3.67	2.33	3	3.5	4.33	4	5	5	4.67	5	3.67	3.5	3.67	2.2	2.75	3.4	1.5	2.8	4.67	4.33	4.33	2.67	2.5	6	5.5	5.67
2.67	2	3.33	4	2.67	1.5	2	1.67	2	1.5	3.67	5	5.33	6	4.33	5	3.67	3.5	3.67	3.8	3.5	3.2	3.5	3.4	3.33	3	3	3	1	5.67	4	5
3	3.5	1.33	3.5	2.67	1	3.33	3.67	3	4	4.33	6	4.67	6	2.67	3.5	4	4	4	3	2.5	3.4	2	2.2	5	3.67	1	2	3.5	6	5	5.67
2.33	1.5	3	2.5	3.67	2	1.67	2.67	3.67	2	3	3.5	4	4.5	3.67	5	3.67	4	3.67	1.8	2.75	2.4	2.5	2.2	4	3.33	3.33	2.67	2.5	4.33	5	5.33
3.33	1.5	2	2	1.67	2	3.67	3	3.33	3	4.33	5	4.67	4.5	4.33	3.5	4	3.75	4	2.8	3.5	2.2	1.5	2.6	4.33	2.67	3	1	1.5	6.33	6.5	6.33
2.67	2.5	2.67	3.5	2.67	2.5	3	1	1.67	1	4	3.5	4	3.5	4.33	4	2.67	2.75	2.67	4.2	3.25	3.2	1.75	3.2	3.33	4.67	4.67	1.67	1	6.33	6	5.33
2.67	1.5	2.33	2.5	3.33	2	2.67	2.33	2.67	4	4	5.5	5	5	5	5	3.67	4	4	2.2	2.25	3.2	2.25	2	3.33	3	2.67	3	2	6.33	6	6
1	1.5	2.33	3	3	2.5	2.67	2	2.67	4	2.33	2	3	1.5	5.33	5	3.67	3.75	3.33	2.8	4.25	3	2	1.6	4.67	3	1.67	3	3	7	6.5	6.33
3	4.5	2	2	3.33	2	3	2.67	2.67	2	2	3	2.33	3	1.33	1.5	4	4	4	3.2	4	3.6	2.38	2.8	1.67	2.33	1.67	2.67	2.5	3.67	4	7
1.33	1	2	1	1.33	1	2.67	2.67	2.67	3	5	4	4	5	5.67	5.5	3.67	4	3.67	2.2	2	1.8	1.75	1.6	2.67	3.33	2.33	2.67	1	6.67	5.5	6.33
1.67	1.5	3	4	3.67	1.5	3.33	3.87	3.97	3.35	5.67	5	4.67	6	3	3.5	4	4	4	1.6	2.75	2.8	2.25	2.8	2.67	2.67	1.67	1.33	1	7	7	6.67
1.33	2	1.67	1.5	3.67	2	2.67	2.33	3.33	4	3.67	3	4	4.5	5	5	4	4	3.33	1.8	1.75	2.4	1.25	1	4.67	3.67	3.33	3.33	2	6.33	4.5	4.67
3.67	3.5	3.33	6	5.67	3	3.67	3.67	3.33	3	2.67	5.5	6	5.5	3.67	4.5	4	4	3.33	3.4	3.5	3.2	3.25	3.2	4.67	6	6	2.67	2.5	5	6.5	6.33
1.33	1.5	3.67	3.5	1.67	2	3.67	1.67	2.67	3	3.67	4.5	4.67	5	5.67	5.5	3.33	4	4	3.2	3.25	2.6	2.02	2.3	2.67	2.33	3.33	2.33	1	6.67	6.5	6.67
2	3	3	2.5	2	2	2.33	2	3	2.5	4	4	4	4	5	4.5	3.67	4	4	2.2	3	2	2	2	2.67	2.33	2.33	1.33	2	6	5	4.67
4	4	2.67	5.5	5.33	3	2	1.33	3.33	2	4	1.5	1.33	1	2.67	3.5	4	4	4	2.4	4	3	2.25	2.8	4.67	3.33	2.67	3	2.5	6	5	6.67
2.67	2	3.33	2.5	2.33	1	3.33	3.33	3.33	3	3	5.5	5.33	5.5	4.67	3.5	3.67	4	3.67	2.2	2.25	2.4	1.75	1.8	2.67	4	3	3.33	1	7	7	6.67
2.33	2	2	2	2	2.5	2.67	2.67	2.67	3	4.33	4.45	4.67	5	4.17	4.5	4	4	4	2.6	2.75	2.4	3.5	2.6	2.67	3.33	2	2	2.5	6.33	6	4.47
1.33	1	1.33	3	2.33	1	3.67	3.33	2.33	2.5	5.67	4	3.67	3.5	6	6	3	3.75	2.67	3.8	3.5	3.4	2.75	2.6	4.67	3.67	3	2	2	5.33	5.5	3.67
1.67	2	3.67	4	3	3.5	2.67	3.67	3	2.5	4.67	5	5.33	6	4.67	4.5	3	3	3	3	2.5	4	2.75	2.8	4.67	3	2.67	2.33	4.5	6.33	6	5
1.67	2	3	2	2	2	1.67	2	2.67	2	3.33	5	5	5	3.33	2.5	3.67	3.25	3.33	3.8	3	3.2	2.25	3.2	3	3	3	1.33	1	5	6	6
2	2	1.67	3.5	3	2	2.67	3	2.33	2.5	5	5	4.67	5	3.67	5	3.8	3.5	4	3.2	3.5	1.6	2.75	2.2	4.67	4.67	4	3	3.5	6	6.5	6
2.67	2.5	2.33	3	3.33	2.5	2.33	3	3	2.5	4.67	4.5	4.67	4.5	4.67	4.5	3.67	4	3.67	3.2	3.5	3.2	2.75	3.4	4.33	3.67	3.67	2	1.5	5.67	6	5.67
1.67	1.5	2.33	1.5	2.33	1	3.33	3.33	3	4	4.67	6	5.33	6	5	5	4	4	4	2.2	3	2.2	1.5	1.4	2.67	2.33	3.33	1	1	6.67	7	7
2	2.5	2	3	2.33	2	2.33	2.33	3	4	4	4.5	3.67	3.5	4.67	3.5	4	4	3.67	3.2	2.75	2.4	2.5	1.8	5	4.33	3.33	3	2.5	5.33	5.5	5
3	3.5	3.33	4.5	3.67	3	3	3.33	3	3	4	4	3.33	3.5	2.67	3.5	3	3.25	3	3.2	2.75	3.6	1.75	2.6	4	4	2.67	2	2	4.67	5	3.67
3	2	2	2	2.33	1.5	3	3	3	2.5	3.67	4	3.33	4	4.67	4	4	4	4	2.4	3.25	2.2	2.25	2.2	5.33	4.33	4	1.33	1	6	6.5	6.33
1.33	1	3	3.5	4.67	2	2.67	3.33	2.67	3	3.33	3	1.67	2	5.33	4	3.67	4	4	3.8	3.5	3.6	2	3.4	4.67	3.67	3	1	2	6.67	6.5	6
2.33	2.5	4	4	4.67	2.5	2.67	2.67	3.33	3	4	4.5	4	4.5	4	4.5	3.33	4	3.67	3.4	2.5	2.2	2.5	2	5	4.67	5	3.67	1.5	5.67	6.5	6.67
2	1.5	2	4.5	4.33	2.5	3	2.67	3	3.5	3.67	3	4.33	3.5	3	2.5	3.33	3	3.33	3.8	3.5	3	2.25	2.2	3.33	4	3.67	3	1.5	5.33	5	3.33
1.67	4	5.67	6	6	3.5	1.67	1.67	2.67	2	1.67	1	1	1	5	5	4	4	4	3.4	2	2.8	1.5	1.6	4.67	5	6.67	3	2	6.33	7	6.67
1.67	1.5	3.33	3	4.67	2	3.33	3	3.67	4	4	5	4.33	4.5	5.67	6	4	4	4	2.6	3	3.2	2	2.8	2.33	3	2.67	1.33	1.5	6.33	7	6.67
3.33	2.5	5.33	4.5	4.33	1.5	2.67	3	3	3.5	2.67	4	3.67	3.5	3.33	5	3.67	3.25	4	3	3.25	2.2	1.5	2.2	3	3.67	2	2.33	3.5	5.33	3.5	4.33
3.33	2.5	4	4	4.1	2.5	2.67	2.33	2.67	3.5	3	4	4.67	4	2.67	3.5	3	2	2	3.8	3.75	3.2	2	3.2	6.67	6.67	6.67	3.33	2	4.67	5	5.67
2.33	2.5	4.33	5	4.33	4	3	3	3	3	4.67	5.5	6	6	6	6	3.33	2.5	2.33	3.8	3.75	3.2	3.02	2.88	4.67	3.33	3.33	3	1.5	4	4	4
1	1	2.33	4	2.67	1.5	2.67	3.33	4	3.5	4.67	3	5.33	5	5.33	5.5	3.33	4	3.33	2.2	2.75	2.4	1.5	2.8	4.33	4.33	2.33	1	1	6.33	6.5	6
2.67	1	2	3.5	3.33	3	3	3	2.67	3	3.67	5	4.33	4	5.67	5	4	3.75	4	3	2.75	3	2	2.4	3	2	1.33	1.67	1	5.67	6	6
2	1.5	1.33	1.5	2.33	1	3.67	2	2.67	3	5	4.5	5.67	5	6	5.5	3.67	3.5	3	3.4	4	3.2	2.75	3.6	3.67	2.67	3.33	2.67	2.5	5.67	6	5
2	2	2.33	3.5	3	3	2.67	2	2.67	2.5	3.67	5	4.67	4	5	4	3.33	3.75	3.67	3.2	2.75	2.8	2.25	2.8	4.33	4	2.67	2.33	2	5.67	6	5.67
2	3.5	4.67	4	4.33	3.5	3	3	3	3.5	4.33	4	3.33	4.5	3.67	4.5	3.33	3.5	3.33	3.4	2.75	3.4	2	3.2	4.67	4.67	4	3.67	3.5	5.67	6.5	6
1.33	1.5	2.33	2.5	4	3	3.67	2.67	3	2.5	5	5.5	5.67	5.5	5.33	5.5	3.67	3.75	3.67	3	2.75	3	2.02	2.4	3	3	3	1.67	1.5	6	6.5	5.33
2.67	2.5	4.33	2.5	3	2	2.33	2	2.33	2.5	3.33	3.5	3.33	3.5	2.67	3	4	4	4	3	2	2.2	1.75	2.6	3.67	3	2	2	1	5.33	5	6
4.67	3	4.67	4	4	2	3	2.67	4	4	4.33	5.5	4.33	5.5	1.67	3	3.33	3	2.67	3.2	3.5	3	1.75	3.4	4.33	4.67	4.33	3.67	1.5	4.33	5	4.33
3	2.5	3.33	2.5	1.67	2	3	2.33	2.67	3	4.33	4	4.33	4	2.67	4	3	3.25	3.33	4	4	3.4	1.75	3.2	3.67	3.33	3.67	3.67	3.5	5.53	6	5.67
3	4	3.67	3.5	4.67	4.5	3.33	2.33	2	3.5	3	5	4.67	4	2.67	2	3	3.5	3.33	3.4	4	3.2	3.25	2.6	5	4.33	3.33	2.33	2	5	5.5	5.33
3.67	2.5	5.33	5	2.67	2	3	2.67	2.67	2.5	3.33	1.5	4	4	4.67	2.5	3.33	3	3	3.6	3.25	3	2.75	1.8	3	4.33	3.33	2.33	2	5	5	3.33
2	2	2	3	3.33	2	4	3	3.67	4	4.67	5	3.33	4.5	5	5	4	4	4	2.8	3.25	2.6	2.5	2.6	3.33	3.67	2.67	2	2.5	6.67	6.5	4.33
2.67	2	4.67	5.5	5.67	5	3	3	3.33	3	5	5	4.33	4.5	5.33	5	3.33	2.25	2.33	3.4	3.75	4	3	3.4	5.33	5	5	3.33	3	6	7	6.33
1.67	1.5	2.33	3.5	2.67	1.5	3	3	3	3.5	4.67	4.5	5	5	5.33	5	3.67	3.5	3.67	3	3.25	3.2	2.5	2.4	3.33	3.67	4	3.67	2	4.67	5.5	5.33
1	1	2	2.5	2	2	3	3.67	3	4	2.33	3.5	3.67	2	4.33	3	4	4	3.83	2.6	2.5	1.6	1.25	1.4	3.33	2.33	2.33	2.33	3.5	4.67	5.5	3.33
1.67	1.5	3.33	2	2.33	2	2.33	2.67	2.33	2.5	3.67	4	4.33	4	5	5	3.67	3.5	3.33	3	3.25	2.4	2	2.6	4	4	3.67	2.33	2	5.67	5.5	4.33
2	1.5	3.43	2.45	3.67	4	3	3	3.33	3	4	4.5	5.33	5.5	4.67	5	3.33	4	3.27	3.8	3	3.2	1.27	3.8	3.67	3.33	2.33	1.33	1	6	6.5	5.67
2.33	1.5	2	2	2.33	3	2.67	2.67	3	2.5	4	4.5	5	5	4.33	4.5	4	4	4	2.6	2.75	2.6	2.5	2.4	4	3	1.67	1.33	1	6	6.5	6.67
3	2.5	2	2.5	3.67	1.5	2.67	3	3.67	2.5	3.67	4.5	2.67	3.5	4.33	4	4	4	4	3.4	2.5	2.8	2.25	3.2	5.67	4.67	1.33	2	1.5	6.33	6.5	6.33
4.33	2.5	3.67	2.5	3	2	3.53	3.67	3.67	4	4	4	2.67	3	4.67	5	3.67	3.5	3.33	4	3.25	3.2	2.75	3	3	2.33	2.33	1.33	1	6.67	7	6.33
2.33	2	3.67	3	2.67	2	3.67	2.33	2.67	3.5	4.67	6	5.67	6	5	5.5	4	3.75	3.33	2.4	3.5	2.8	2	2.8	4.33	3.33	3.67	4	1.5	6.33	6	6.67
2.33	2.5	2.67	2.5	3	3	3.33	3	2.33	4	4	5	5.67	5	5	4.5	4	4	3.67	3.4	2.25	2.8	2	1.8	2	2	2	2.33	3	7	7	6.67
2.67	2	2.33	2.5	2.67	2	3.33	3	3	3	4.67	5	4.67	5	5	4.5	4	4	3.67	3.4	4	3.2	2.25	2.6	2	2	1.67	2.33	2.5	6	5	6
1.33	3	2.67	4	4.67	1	3.33	2.67	3	3.5	4.33	3	1.67	2	6	6	3.67	3.75	3.33	3	2.25	2.4	1.5	3	3.33	3.67	2.67	3.67	3.5	6	6.5	6
3.67	4.5	4.33	5	5	5.5	3	3	3.33	3	2.67	4.5	4	4	3	4	2.67	3	3	3.6	4	3.8	2.75	3.4	6	5.67	5.33	3	3	5.33	5	4.67
2.33	2	2.67	3	2.33	2	3.33	3.33	2.67	3	4.33	3.5	3	3.5	3.67	4	3.67	4	3.33	3.2	2.25	2.4	2	2	4	3	4.33	2	3	5.33	5	5.33
2	2	2	3	2	2	3	3.33	3	4	4	4.5	4.67	4.5	5	5	4	4	4	2.4	3	2.4	2.5	2	3	2	2.67	2.67	1.5	6.33	6.5	6
1.67	1.5	2	2.5	3.33	2.5	3.33	3.33	3.67	2.5	5.33	5.5	5.67	5	6	6	4	4	4	2.4	2.5	2.8	2.25	2.2	4	4	3	2	2	6.33	4.5	6
1.33	1	2	1.5	3.67	1	3.67	2	2	4	3.67	6	6	6	4	5	4	4	4	3.2	2.5	3	2	3.2	3.33	3	2.33	1.67	1	5	6	6.33
2.33	1.5	4.03	1.5	4	2.5	3.67	3	3	4	4.33	6	5.67	6	5.67	5	4	4	4	3.6	3	2.8	1.5	1.8	2.67	2.33	2.33	1.67	2.5	6	7	7
3	1.5	5	5	2.67	2.5	3	3.33	3	4	4.33	4	4.67	4.5	3.67	2.5	4	3.75	3	1.8	1.75	1.4	1.5	2.4	2.67	2	1.33	2.33	1	6.33	5.5	6.67
1.33	2	3.33	2.5	3	2	3	2.67	2.67	3	5	4.5	5	5	5.67	5.5	3	3.5	3.33	3.4	2.75	3.2	2.5	2.8	5.33	5	4.67	3.67	1.5	5.33	5.5	6.33
1.67	2	2.67	2.5	3.33	1	3.67	4	3.67	4	5	5.5	5	5	5.33	5	4	4	4	2.8	3	2.2	2.75	2.4	2.67	1.33	1.33	1.33	1.5	6.67	7	6.33
2.67	3.5	4.33	4	3.67	1	2.33	2.67	3	2.5	2.33	2.5	2	2.5	4	4.5	4	4	4	3.6	2.5	3.6	2.5	3.8	5	4.67	2.67	2.33	2.5	5.67	5.5	5.33
3.67	3.5	4.67	5.5	5.67	2	3.67	3.33	3.33	4	1.33	1.5	1.33	1	3	3.5	3	2.75	2.67	2.4	3.75	3	3.25	2.8	6.67	7	5.67	4.33	6.5	3.33	3.5	4.67
3.33	4	3.67	4	5.33	2	2.67	2.67	3	3.5	3.33	4	3.67	5.5	3.67	4.5	3	3.5	3	2.6	3.25	2.8	2.5	2.4	4.67	3.67	2.67	2.33	2	6	6	6
2	1	1.67	2.5	3.33	1.5	3.67	3.67	3.67	2.5	4.33	3.5	4.33	3	5.67	6	4	4	4	4.4	4	4.8	2.25	3.6	2	1.33	1.67	2	1.5	7	5	6.67
2.33	2	3.33	3.5	2.33	2	2	2	2.67	4	4.33	4.5	5	5	6	5	3.33	3.75	3.33	2.6	2.75	2.6	2.5	2.4	5.67	4.67	5	3	3.5	4.67	5	5.33
5.33	3	5	5.5	3.33	1	2.33	3	3.67	3	1.33	1	3.67	1	3.33	4.5	4	3.75	3.33	4	2	1.8	2.5	2	6	5.33	4.33	4.67	3	6.33	6.5	6.33
3	1	2	2	3	1.5	2.33	2.33	3	2.5	4.67	6	5.33	5.5	3.67	5	4	4	4	1.8	1.85	2.2	1.25	2.2	3	2.67	2	2.67	2	6	6.5	6
2.67	2.5	3.67	3.5	4.23	2.65	3.33	2.67	2.33	2.5	3.33	3.5	3.1	3.25	5	5	4	3.75	4	3	3	2.68	2.02	2.7	4.33	4.33	3.67	1	2.5	5	5	3.67
5.67	5	6	6	5	4.5	3	2	2	3.5	1.67	3	5	4.5	4.67	5	4	2.75	3.33	2.8	4.5	2.6	4.25	4.4	4	4	5	2.33	1.5	5.33	6.5	6.33
2	2	2.67	3.5	3.67	2	2.67	2.33	2.67	3	4.67	5	5	5	4.67	5	3.67	4	3.33	3.8	3.5	2.6	2	2.8	4.33	3	4	2.67	2	6.33	6.5	6.67
2.67	2.5	4	5.5	4	3	3	2.67	3	3	3.33	3	3	2.5	4.67	4.5	3	3	2.67	3.2	3.75	3.4	3.25	3	3.33	3	2.33	4.33	2.5	4.33	4.5	4
2.67	2	3	2	2.33	1.5	3.67	2.67	2.67	3.5	4.33	5	5	5	4	4.5	3.67	3.25	4	3	3.75	2.6	2	2.2	3	2.67	3.33	1.33	1.5	5	5.5	5.67
2.67	2	4	4.5	5.33	3	2.67	2.33	3.67	4	3.33	4.5	4.67	4.5	4.67	4.5	2.67	3.25	3.33	2.4	2	2.6	2.5	2.8	4.67	3.33	3.67	2.33	2	6.33	6.5	6
3.33	3.5	4.67	4.5	4.33	3	3.33	3	4	3.5	2.67	5	5	5	4.33	4	3.67	3.5	3.67	3.2	3.72	3.6	3.25	3.6	5.5	3.67	4	2.33	2.5	4.67	5.5	5.33
2.67	2	2	2.5	3.67	2.5	3	2.67	2.67	3	4	4.5	4.67	4.5	4.33	4.5	4	3.5	3.67	2.2	3.5	2.2	2.5	1.8	2.33	2.67	2	2.33	2.5	5	4.5	5
3	3	4.33	4.5	4	3	2.33	2.33	2.67	2.5	3.67	5	4.67	4.5	4.67	4.5	3	4	3.33	2.8	3.75	3.4	2.25	3.2	4.33	3	3.67	3.67	3.5	5.33	5	4.67
2.33	1	4	3	5.67	3	2.67	3.33	3.33	4	4.67	6	5	6	5.33	5.5	4	4	3.67	3	3	2.6	2.5	2	5.67	4.67	3.33	1.33	1	6.33	6	5.33
2	1	6	6	4.33	5	3	2	2.67	2.5	4.33	1	4.33	1	2.33	3	3.33	4	4	2.8	4.25	3.4	3	2.6	3.33	5	3.67	4.67	1.5	7	7	6.67
3.33	3.5	1.33	1.5	2.67	3	2.33	2.33	3	3.5	2.33	4.5	3	3	1	3	4	4	4	2.4	2.75	1.8	1	1	3.67	2.67	3	2.33	1	7	7	6.67
1.33	3.5	2	1	1.33	1	3.33	3	3	2.5	4.67	5	3	5.5	5.33	5.5	3	4	4	2	3.25	1.2	1	2	3	3.67	2.33	1.67	2.5	7	7	7
2.33	1.5	2.67	3	2.33	1	3.33	2.67	2.67	3.5	3.67	5.5	5.67	6	4	5.5	3.67	4	4	3.2	2.25	2.8	2	1	1.33	1.67	1.33	1	1.5	7	6.5	7
3	1	3.67	3	4.33	3.5	2.57	3.33	3	2	4.33	5.5	5.67	5.5	5.67	4	3.67	4	3.67	2.4	1.97	2.2	2	1.6	3.67	2.33	2.33	1.33	1	6.67	6	6.33
5.67	1.5	4.67	1.5	4.33	3	3	3.67	2.67	3.5	2.33	3.5	1.33	2.5	3.33	4.5	3.33	3.5	3.67	2.4	2.5	2.2	1	2.4	4.33	3.33	2.33	2.33	2.5	7	7	7
1.67	1.5	2.67	2.5	4.33	3	2.67	3.67	2.67	3	4.33	5.5	5.67	6	4.83	4.5	4	4	4	2.6	1.75	2	1.63	1.2	3	2	1.67	1.33	1	7	7	7
1.67	1.5	4.33	1.5	2.67	1.5	3	3.33	3	3	3.33	5	6	6	6	6	4	4	4	2	2	2	2	1.8	3.33	3	2.67	1.67	1	7	7	7
1.33	1.5	2.67	1.5	2.67	1	3.33	3.33	3.33	3	5	5	5	5	5	5	4	4	4	3.2	2.5	3.2	2	2.4	3.67	3.33	2.67	1.67	1.5	5.33	5.5	4.67
2.67	2.5	5	5.5	4.67	3	1.67	1.33	2.33	1.5	2	1.5	2.33	3	2.67	2.5	3.33	3.75	3.67	2.6	2.75	2.2	1.75	1.8	6	5.67	6.67	5.67	5	4.67	5	5
1.33	3	5	1.5	3.33	1.5	3	3	2.33	3.5	2	5.5	3	4	3.33	3.5	3.67	2.42	3	3.4	2.75	3.4	1.75	2.8	5	3.33	4.67	1.33	1.5	6.67	7	7
3	1	2	1	2	2	3	1.67	2.33	3	2	2.5	3	3.5	3.33	4.5	3.67	3.25	3.67	2.6	3	3.2	1.5	3.2	4.67	2.67	2	4.67	6	6.67	6.5	6.67
3	1.5	3.67	1.5	1.67	3	3.67	3.33	4	4	4.33	3.5	2	2.5	5	5.5	3.33	3	3	3.4	3.75	2.4	1.25	2.8	2.33	3.67	2.67	1.67	1.5	6.33	6.5	6.33
1.33	1	1.33	1	1	1	4	3	3	4	5.67	6	6	6	6	6	4	4	3	2.4	3	2.2	2.25	2	4.33	3.67	1.67	5	1	6.67	7	6.67
1	1.5	1.33	1	1	1	3	2.67	4	3.5	3.67	5.5	6	5.5	6	5.5	3	4	4	1.2	2.25	1.6	1	1	1.67	1.33	1.33	1.67	1	7	7	7
3.67	3.5	4.33	4.5	5.67	1	3	3	2.67	3.5	3.67	4.5	4	4.5	3.67	3	3.33	3.25	3.33	3	1.5	2.4	1.25	2.8	5.33	4.33	5	3.33	3	5.33	5	5.33
3.07	2	3.33	2	2.67	1	2.33	1.67	2.33	3	2	1	1	1	5.33	2.5	3.67	4	4	2.4	3.25	2.8	2	2.4	1	2	2	1	4	6.67	6	6.67
3	3.5	3.33	3	5	4	3.33	3	4	3	3.33	2.5	3.67	3	4.67	4	2.33	2	2	3.2	3.25	3.4	2	3	5	5.67	4.67	2.67	3	5.33	5.5	5.33
2	2	5	4	3.67	4	3.33	2.33	3	2	2.67	2	5.67	4.5	4	3	4	3.5	4	4	5	4.4	4.25	3	3.67	3	2	1.33	1	6.33	6	7
1	1	2	2.5	2.33	1	2.67	2.87	3.3	3.35	5.67	4.5	5.67	5.5	6	6	3.67	3.25	2.67	2.4	3	2.4	2.75	2.4	4.67	4.67	3.67	2	1	6.33	7	6.33
2	1	2.33	2	1	1.5	3.33	2.33	3.33	2.5	5.33	5	5.33	6	4.67	5	3	3.75	3.33	2.8	2.5	2.4	2.25	3	3.67	4.67	3.33	3	2.5	4.67	3	4.67
4.67	2.5	3.67	4	3	1.5	3	3	2.67	2	4	5	5	5	5.33	5	3.33	3.75	3.33	3.6	3.5	3.2	2.5	3.4	4	3.67	3.67	1.67	1.5	5.33	6.5	5.33
4.33	4.5	6	6	6	3	2.1	1.87	2.6	2.2	1	3.5	1	3.5	2.33	2.5	3	1.75	1.67	4.6	4.25	3.8	4.5	4.5	6.67	6.67	7	4.67	4	3	4.5	4.67
1.67	1.5	2.67	3	4.67	2	2	1.33	2	1.5	2.33	3	2.33	2.5	3.67	4	4	4	4	3.4	2.75	2.8	1.75	2.4	5	4.67	4	1.33	2	5.67	6	5.33
2	2	3	2.5	5	2	3.33	2.67	3.67	3	4	4	4.67	4.5	4.67	5	4	3.75	3.33	2.6	2.5	2.4	1.5	1.6	3.67	3	2.67	1.67	1.5	6	6.5	6.67
4.33	4.5	4.33	4	2.33	2	3	2.67	3	2.5	5	5	5.33	5.5	4.33	4.5	3	3.25	2.67	3	3	2.8	3.75	2.8	2.67	2	2	3.33	3.5	4.33	4	5.33
3.67	2.5	2.33	2	4.67	1	2.33	2.33	3	2.5	4	5.5	3	4.5	4	4	3.67	4	3.33	3.6	2.75	3	3	2.2	4.67	3.33	3.33	2.67	2.5	6.33	6	5
1.33	1	3	1.5	2	3	3.67	3	2.67	3.5	4.67	4.5	4.67	5	5	5.5	3.67	4	3.67	3.4	3.1	2.8	1.87	2.6	3	2.67	3	2.33	3	5.67	4	4.67
2.33	4	5	4.5	4.67	3	3	3	3	4	3.67	4	2.33	3	5.67	6	3.67	4	4	2.8	2	2.6	1.75	2.4	3.67	2.33	2.67	1	1.5	6.33	6.5	4.67
3.33	2	2	2.5	2.67	2	3	2.67	2.67	2.5	4.67	5	5	5	4.67	5	3.67	4	3	2.6	3	2.8	3.25	2.8	4.67	4.67	3.67	2	2	4.67	6.5	5
2.33	1.5	4	2	2.67	2	3	2.67	3.33	2	4.67	4	4	4	4.33	3.5	4	4	4	2.8	2.25	2.6	2	2.2	1.67	2	2	1.33	1.5	6.33	6.5	7
2	1.5	4	2	1.67	2	3.33	3.03	3	4	4.33	3	3.67	1.5	3.67	4	3.67	4	4	2.8	3	2.6	2.75	1.8	4.33	4.33	3	2	1.5	6.67	6	7
4.67	2.5	4	5	5	5	2.67	2.67	2.67	3	2	1.5	1.33	2	1.67	2	3.33	2	2.33	3.6	3.5	3.2	1.75	3.4	5	4	5	2.67	3	5.67	6.5	5
2	2	2.67	2	3.33	2.5	2.67	3.33	3	3.5	4.67	5	5.33	5	5.67	5	3.67	4	4	2.8	2.5	3.2	2	2.2	3.67	2.33	1.67	3	2.5	5.67	5	4.67
4.33	6	4.33	3.5	6	6	1.67	2	1.33	2.5	2.67	1	2.67	1	1	1	1	1	1	2.94	2.25	3	2.5	2.4	7	7	6.67	5	3.5	3	7	6.33
2.67	3	3	5.5	3.33	1	3	3.33	3.33	4	4	2.5	4.33	4	5.33	4.5	3.67	4	4	3.4	3.5	3.2	2.5	2.4	3	2	2	1.33	1	5.33	6.5	5.33
2.33	2	4.67	3.5	4	3	1.67	1.33	2.33	1.5	4	3	4	4	6	5.5	3	3.5	3.33	3	4.5	2.8	1.75	2.2	4.67	3.67	3.67	3.33	3	6.33	6	6.33
2.67	2.5	3	3	4.33	4	3	3	3	4	4.33	4.5	3.33	4	4	3	2.67	3.25	3	3.4	3.25	3.2	2.75	3.2	5.67	5.33	4.67	3.67	4	6	6	5
2.33	1.5	4.33	4	3.33	2	2.33	3	3.67	3	2.67	3	1.33	2.5	2.33	4.5	4	4	3.67	3.4	2.5	2.6	1.25	2.4	5	4.33	3.33	3.67	5	5	6	5.67
3	2	2.67	2	3	3	2.67	3.33	3.33	3.5	4	5	4.67	4.5	4.33	4.5	4	4	4	2	2.75	2.6	2	2	4.33	3.33	3	1.67	1	7	7	7
3.33	3.5	3	3	3.33	2	2.67	1.67	2.33	2	3.33	3.5	3.67	4	4.33	4	3	3	2	3.2	2.75	3.8	2.5	3.4	4	4.33	3.67	3	4	5.33	5	5.33
1.33	2	2.67	5	4.33	3	3	2.67	3.67	2.5	5.33	5.5	4.33	4.5	5.33	5.5	4	4	3.67	1.6	2.5	2.6	2	2	4.33	3	3.67	2	3	5.67	5	6
1	1.5	2.33	2	2	1	3	2.33	2	3	4.67	6	6	6	6	6	4	3.25	3	2.8	2.25	2	1	1.4	2	3	2.33	1.33	1	6.33	6.5	6.67
1.67	2.5	3.33	5.5	5.67	3.5	3	2.33	2.33	3	4	1	1.67	1	4.67	4.5	4	3.75	2.33	3.6	3.75	3	2	2.2	5.67	5.33	6	4	5.5	6	5.5	6
3	2.5	3	3.5	3.67	4	3	3.33	3	3	3.33	4.5	4.33	4.5	4.33	3.5	3.67	3.75	2.67	2.2	3	2.6	2	2.2	5	3.67	4	2.33	2	5.33	4.5	5
4	1	2.67	3	2.67	1	3.67	3.67	3.33	3.5	4.67	5.5	5.67	6	5	5.5	3.67	3	3.67	3.4	3.5	3.4	3.25	3.2	3.33	3.33	2	2.33	2	6.33	6	6.33
1.67	1.5	2.33	2	1.67	1	3	2.33	2.67	3.5	5	5.5	5	5.5	5.33	5	4	4	4	2.8	3.5	3	2.25	2.6	2	2	1	1.67	1.5	6.33	5.5	7
3	3.5	2.33	2.5	3.33	2.5	3.67	3	3	3.5	5	5	4.67	4.5	4	4.5	3.67	4	4	2	2.75	2.8	2.5	2.4	2.33	2.33	1.67	1	1.5	6.67	6.5	5.33
3	3.5	5.33	5.5	5.67	3.5	2.33	3	3	3	4.67	5	3	5	5.33	5	4	4	4	3.2	4.25	2.8	2.5	2.2	4	3.33	3.33	3.33	4.5	7	7	7
2	2	2.67	1.5	2	1	4	3.33	3.67	4	5.67	5.5	5.67	6	5.67	5.5	3.33	4	3.67	3	3.25	2.6	1.5	2.2	2.33	2	1.33	1.67	1.5	6	6	6.33
2.33	3	2.67	4.5	4	3	2.67	3.33	2.67	3	4.33	4	4.33	4.5	4.67	5	2.67	3	2.33	3.2	2.75	3.2	2.5	2.8	4.67	4.33	4.33	1.67	1	5.33	6.5	6
1.33	1.5	1.67	1	1.33	1	4	2.67	2.67	3.5	4.67	4.5	5	5	4.67	4.5	4	4	3.67	3.4	3.75	3.8	1.75	2.4	1.67	1.67	1.67	1.33	1.5	6.33	6.5	7
4	2	2	2	3	2	2	2.67	2.33	2	5	3	3.33	3.5	3.67	3	4	4	4	2.2	1.75	2.6	1.75	1.6	5.33	5.33	4	2	1.5	6	5.5	6
4	4	5.67	5	4.33	3.5	2.33	2	2.33	2.5	3	3	2.67	3.5	4	4	3	2.75	3	3.8	3.5	4	3.5	4.2	5	4.67	5	4	3	5	4.5	3.33
2.67	2.5	4.67	5.5	3.67	2	2.67	2.33	3.33	2	4.33	3	3.33	3.5	3.67	4.5	4	4	4	2.4	2.5	3.4	2	2.4	3.67	3.33	3.67	2	1	7	7	7
4	3.5	4.67	3.5	4.67	2.5	3	2.67	3.33	4	4.33	1.5	1.33	2	4	4	3.67	3.75	3.33	3	3.5	3.2	2.25	2.6	4.67	5	5.33	2	1.5	6	6	6.67
3.33	2.5	3.33	3.95	4	3	3	3	3.33	3.5	2	2	3.33	3.5	3.33	3.5	3.33	2.75	2.67	3.8	3.25	3	2.77	3	4.67	5.33	4.33	4.33	5	5	5	4.67
1.33	1.5	2	2	1.67	1	3	2.33	3	3.5	4.67	6	5.67	6	3.67	4.5	3.67	4	4	3	3	2.6	2.25	2.2	3.33	3	2.33	3.67	4.5	5	5.5	4.33
2	1.5	1.67	1.5	1	1	3	2.67	2.33	2.5	5	5.5	5.33	5.5	5.33	4.5	3.67	3.75	3.67	2.8	3.75	3	1.75	2.6	2.67	2	1.33	2.33	1.5	5.33	6.5	6.67
1	1.5	1.67	2	2	1	3.33	3	3	4	4.67	6	5.67	6	5.67	6	4	4	3.33	1.6	3	1.6	1.25	1	2	1.67	2	1.67	1.5	6.33	6.5	6.67
3.33	2.5	3.33	4	4	3	3	2	3	2.5	4	2	3	2	3.33	3	3	3.5	3.67	3.4	3	3	3	3.8	3	3	2.67	1.67	1.5	5	4.5	5.67
1	1	1.33	1	1.67	1.5	3	2.67	2.67	3.5	5	4.5	4.67	4.5	5.33	5	4	4	4	2.4	2	1.8	1.25	1.4	3.33	3	2.33	1.33	4.5	6.67	7	6.67
1.33	2.5	2.33	2.5	1.67	1	2.33	1.33	2.33	3	5	6	4	5	5.67	5.5	4	3.25	4	2	2.75	1.8	1.5	1.4	5.33	4.67	4.67	1	1	6.67	6	7
1	1	2	1	1	1	4	3.33	2.67	3.5	6	4.5	6	5.5	6	6	4	4	4	3.2	3.75	2.8	1.5	2	1.67	1.33	1	1	1	7	7	6.67
1.67	2.5	3.33	5	2.67	2.5	3	1.33	2.33	1	5	5.5	5.67	5.5	5	5	3.67	4	3	2	3	2.8	1	1.8	4.33	3.67	4	1.67	1.5	6.33	6	7
1	1.5	3.33	1.5	4.33	1.5	3	2.67	3.67	3	4.33	5	5.33	5	3.33	5.5	4	4	4	2	2.5	2.4	1.5	1.4	4.67	4	2.33	1.33	1	6.33	6	6.33
3.67	3	4.33	5.5	5	4	2.33	2	3	4	4	5.5	5	5.5	4	4	3	2.75	3	2.6	2.75	2.4	1.75	1.8	5.67	2.67	3	4.67	1.5	5.33	6.5	5
2.67	4	5.33	5.5	5.33	3.5	2.33	1.67	2.33	2.5	3.67	3	3	2.5	4.33	3	3.33	3.5	3.33	3	3	3.6	2	3.4	5.33	4	4.67	5.67	5	6	6	5.33
2.33	1.5	5	4	4.67	2	2	2.33	2.33	3	4.67	3	4.67	3.5	4.33	4.5	3	3.25	2.67	4.6	4.75	4.2	3.5	3.6	5.67	5.33	5.33	3.67	3	4.67	5	5
1.67	2	3.67	3	3.67	2	3.33	2.67	3	4	4	4	4.33	5	4.33	4.5	4	3.5	3.67	2.2	2	2.8	1.75	2.8	4.67	3.33	3.67	3	1	5.33	6	5
2	2	1.67	2.5	3.33	1	3.33	2.67	2.33	3.5	3.33	3.5	3.67	3.5	4.67	4.5	3.67	3	4	3.2	3	2.12	2	2.6	4	3.33	3.67	1.67	1	6	6	6
2.33	2.5	4	3.5	2.67	3	4	2.33	4	3	4	4	3.67	4.5	4	5.5	4	3.5	3.33	3.6	2.5	3	2.5	2.8	4.33	3.67	3.67	2.67	1.5	6.67	6	6.33
1.33	1.5	2	2.5	1.33	1	3.2	3.33	3.33	3.5	5.67	6	5.67	5.5	6	6	3.67	4	3.67	3	2.25	3.2	2.25	2.2	2.33	2.33	2.33	2	1.5	7	7	7
2	2.5	3.67	3.5	2.67	2.5	3	3	3.33	2.5	4	4.5	4.67	4.5	3.67	4	3.67	3.75	3.67	2.6	2.25	2.8	2.25	1.8	3.67	2.33	2.33	2.33	2	6	6.5	6.67
2	2	2.67	4	4.33	3.5	2.67	2.67	3.33	2.5	5	6	5.67	5.5	4.67	5	4	4	4	3	4.25	3.2	1.75	2.8	4	3.33	3.33	1.67	1	6.33	6.5	7
1.67	1	1	1.5	2.67	3.5	3.67	3	3	3	4.67	5.5	4.33	4	6	5	4	4	4	2	2.75	2.4	1.5	2.6	4.33	2.67	1.67	1	1.5	5.67	4.5	7
3	1.5	3.33	2.5	3	1.5	3.67	4	2	4	5.67	5.5	5	5	5.33	5.5	4	4	4	2.8	2.25	2	2	1.8	3	3.33	2	1.33	1	6.33	6.5	6.67
3.67	4.5	3.67	6	5.33	5.5	3	3.67	3.33	3.5	2.67	3.5	3.33	2.5	4	4.5	3.33	3.75	3.67	4	2.25	3.6	2.5	3.8	5.67	6.33	5	3	3	6	6	6
2.67	2.5	4	3.5	2.67	2	3	2.33	3	2.5	4	4	4.67	3	4.33	4	3	3	3.33	3.4	3	2.8	2.75	2.8	5	4	2.67	3.33	2	5.67	5	5.67
2.33	2	4.67	3.5	4.67	4	2.67	3	2.33	2.5	4	5	4.33	5	4.33	5	3.67	3.5	3.33	3	3.5	2.8	2.25	2.8	4.33	4.67	4.33	2	1	6.33	7	5.33
2	1.5	4.67	3.5	2.33	1.5	2.67	3	3	3	5	4	2	4.25	4	3.5	4	4	3.33	3	3	2.6	1.5	2.6	4	4	4	2.67	2	6.67	6.5	5.67
4	2	2.67	2	1.67	3	2.67	2	2.67	2.5	5.33	5	5.33	5	4.67	5	4	4	4	2.6	2.5	2.6	3	3	3	3.33	3	2	1.5	6	4.5	6
3	1.5	2.33	2	2.67	3	3.33	3.33	3.33	3.5	4.33	4	5	4.5	4.67	5	4	4	3.67	2.8	2.5	2.8	1.75	1.8	3.33	2.33	2.33	1	2	6	6	6.67
1.67	1.5	3.33	2	2	1.5	3.67	3.67	3.67	3	4.67	5	5.33	5	5	4.5	3	3.75	3.67	2	2.75	2.6	1.75	2	3.33	3	1.67	3	1.5	6	6.5	5.67
1	1	1.33	1.5	2	1	3	3	3	4	4.67	5.5	5.67	6	5.33	6	4	4	4	2.2	2	1.8	1.25	1.2	2	1.67	1.67	1.33	1	6.33	6	5.33
1.33	1.5	1.67	2.5	2.67	2.5	4	3.33	2.67	3.5	4.67	4.5	5.33	4.5	5.33	4.5	4	4	4	3.2	3.5	3	2.25	2.4	1.33	1.33	1.33	1.67	2	4.33	7	5.33
2	2	4	3	4.33	2	2.57	3	2	3	3.33	4.5	4.33	4.65	4.67	5	3.33	3.75	3	3	3.5	2.4	2.27	3	5	4.67	4	3	1.5	6.33	6.5	6.33
2.33	1.5	2.33	3	1.67	2.5	2.33	3.33	2.67	3.5	5	5.5	5.67	4.5	5	6	3.67	3.25	3.33	2.2	3	2.6	2.25	2.6	2.33	2.33	2.67	2	1.5	6.67	6	6
3	2.5	2.33	1.5	1.67	1	3.33	3	3.67	3.5	5.33	5.5	4.33	5	4.33	5	3.67	4	3.67	2.4	2	2.6	2.5	1.4	3.33	3.67	2	1.67	1	6.33	6.5	6.33
2.67	1	6	6	2.33	1	2.67	2.67	2.67	4	4	5.5	5.37	5.5	4	4.5	3.33	2.75	3	3.4	3.25	3	2.52	3	2.33	4	3.67	3.67	4	4.67	6	6.33
2.33	1.5	3.33	2	3.67	1.5	2.67	3	3	3.5	4	1.5	4	4.5	4.67	5	3.67	3.75	3.67	3.4	2.5	1.4	2	2	2.67	2	2.67	2.33	2	5	5	5.33
1.33	1	2.67	1	2	1	3.67	3.33	3	3	4.33	5	5.33	5.5	4.33	3.5	3.67	4	3.67	3.2	3	2.6	1.75	1.6	3.67	3.33	1.67	3	2.5	6	5.5	5.33
1.33	1.5	2.33	1.5	2.67	1	3.33	3	2.33	3	5.33	5	4	5.5	5.67	4.5	4	4	3	3.4	3.75	2.8	1.5	1.8	2.33	1.33	1	1	1.5	6.67	7	6.67
2.67	1.5	1.33	1	3.67	1	3.67	3.67	4	4	3.33	4.5	4	5	5	5	4	4	3.67	3.6	3	3	1.75	2.8	3.67	2.33	3.33	1.33	1.5	5.33	6	4.33
1.33	1	2.67	1	3	1	3	3.33	2.33	4	4.33	5.5	5.67	6	5.33	5.5	4	4	4	2.4	2.25	2.4	1.25	2	4	3	3.33	1.33	1	5	6	5.33
2.67	2	3.33	2.5	4.67	2.5	2.67	2	2	3	4.67	5	5	5	5	5	3.67	2.75	4	2.6	3.25	2.8	2	3.2	4	4	4.67	3.33	3	6	5	5.33
2	1	3.33	1	2.33	1	3.33	3.33	3.33	4	4.33	6	6	6	6	6	4	3.75	4	2.4	2.25	2.4	1.5	2	1.67	2	1.67	1.33	1	6.67	6.5	6.33
3	2.5	2.67	2	2	2	3.67	3	3	3	3	2.5	3.33	4	3.33	3.5	3	3.25	3.33	2.6	3	2.4	2.75	3	4	4	3.33	2.67	2	4	4.5	4.33
2.33	2.5	2.67	2.5	4	2	2.33	3	3.67	2	3	2	4.33	3.5	5	5	3.33	3.5	3	3	3	3.6	1.75	2.4	4	4	3	4	3	5	2.5	6
2.33	2	2	2	2.33	2	4	2.33	3	2	4	5	5.33	4.5	5.33	5	2.33	2.75	2	2.8	2.75	2.4	2.5	2.8	4.67	5	4.67	2.33	2.5	4.33	4	3
2.67	3.5	2.67	2	2.67	1	2	1.67	2	1	1.67	2.5	2.67	4	3	4.5	3.67	3.75	3.33	2.6	2.75	2.6	1.5	2.2	3.67	3	3.33	2.67	3.5	3.33	3	3.67
3	1.5	3	3	2.67	2	3	2.33	2.67	4	5.33	5.5	5.67	5.5	5	6	4	4	4	3.2	2.75	2.4	1.5	2.2	3	2	2.33	2.33	2	5.33	5.5	5.67
2.33	1.5	1.67	2.5	3	1	3.33	3	2.67	2.5	5	4	4	4	4.33	4	4	4	3.67	3.4	3.75	3	2.25	2.8	3	2.67	2.33	1	1	6	6.5	6.67
1.67	1.5	2.33	1	1.33	1	3.67	3.67	4	4	5	6	5.67	6	5	5.5	4	4	3.67	2.8	3.25	2.4	1.75	1.4	2.67	2.67	3	1	1	6.4	7	7
1.67	1.5	3	5	2	3	2.33	2	2	2.5	4	2.5	5	4.5	5.33	4.5	4	4	4	4	3.5	3.2	2.25	4	5	5	6.67	5	2.5	3.33	3	5
1.33	2.5	1	3.5	3	2	3.33	2.33	2.67	2	2.67	2	3	3.25	2.33	3.5	3.33	4	3.67	3.4	3.5	3	2	2.4	3.73	2.67	2.33	1	1	6.67	7	6.67
2	1.5	1.67	2	1.67	3.5	2.67	3.33	3.33	3	4.33	4	5.33	5	3.33	5	3.87	4	3	2.2	2.25	2.8	2.5	2.4	2.33	4	3	2.67	1	6	6.5	5.33
1.33	1.5	1.67	3	3.33	4	3.67	2.33	3.33	2.5	2.33	5	6	6	5.67	6	3.67	4	4	1.2	1.25	1.8	1.25	1.6	4	2.33	2	1	1	6.67	7	6.33
3.33	2	4	3	3.67	2.5	2	2.67	2.67	2.5	3.67	5	4.33	4	4.33	4	4	4	4	3	3.25	2.8	2.5	2.2	3.33	3.67	3.67	3	3	6	5.5	6.67
1	1	1	1	1	1	4	3.33	3.67	3.5	6	3.5	4.33	3.5	5	5.5	4	4	4	3	1.75	3	1.5	2.2	1.67	1.67	1.67	2.67	2.5	6	6.5	6.67
1.67	1	3.33	3	2.67	3	3.33	2.33	2.33	3.5	5.67	6	6	6	4.67	5	4	4	4	2.4	3	2.6	1.5	1.8	4	3.33	2.33	1.67	2.5	7	7	7
3	5	5.33	4	5	3.5	3.33	3	3	3.5	1.67	3.5	2	4	5.33	5	3.67	3.75	3	3.4	3.25	3	3	3	3.33	1.67	2.33	1.67	1.5	6.33	6.5	7
1.33	1	2.67	2	3.33	1	3	2.33	3	3.5	4.67	5.5	3.33	4	5.33	3.5	3.67	3.25	3	3	3.25	2.8	2.25	2.8	2.67	3	3.33	1	1.5	5.67	6.5	6.67
1.33	1	4.33	2	3.67	1.5	3	3	3.33	3.5	3.33	3.5	3.67	4	4.67	5	3	3.25	2.67	3.4	2	2.6	2	2.6	4.67	4	5.33	1	1	6	6	6.33
4	3	3	4.5	3.33	2.5	2.33	1.67	2	2	2.67	2	2.33	1.5	4.33	4	3.33	3	3.33	3.4	2.75	3.2	2.5	3.2	4	4.67	4.67	5.33	5	6.33	6	6.33
2.33	1.5	2.67	2	3	2	3	3.33	3	3.5	4	4.5	5.33	5	5	5	3.33	3.5	3	2.4	3	2.4	2.5	2.4	1.67	3	2.67	1.33	1	6.33	7	6.67
1.6	2	2.33	2.5	2.67	2	3.33	3.33	2.33	4	3.73	5.5	4.33	5	4.33	4	4	4	4	3	2.5	2.8	2.25	2.2	2.33	2	1.33	1.67	1.5	6.67	6	6.67
2.67	2	2	2	2	2	3	3.67	3.67	4	4.33	6	4.33	4.5	3	4.5	3.67	4	3.67	2.2	3	2.4	2.25	1.8	2.67	2.67	2	2	2.5	6	5.5	5
6	5	6	6	6	5.5	2.67	2	3	3	2.33	3	3.33	1.5	2	4	3.67	4	2.67	3	2.75	3.4	1.75	2.2	6.67	6	5	4.33	3.5	6	5	5.67
4	5.5	4	6	5.33	3.5	2.33	1	2.67	2	1	1	1.33	3	2.33	3	3.67	3.5	3.33	2.4	2.75	3	1.5	2.6	5	5	6.67	5	4.5	5	3.5	4.33
3	3	5	5	4	4	3	3.67	2.67	3.5	4.67	3	1	2	6	5.5	3.6	1.95	2	2.6	2.75	3.4	1.75	2.3	4.33	3	4	1.67	2.5	5.33	6	4.67
2.67	2.5	3	4.5	4.33	3	2.33	2.33	2.33	2.5	4	5	5	5	4.33	4.5	3.67	3.5	3.67	3.6	3	2.6	2.02	2.2	5	5.67	5	2.33	1.5	5.33	6	6
3	3	3	3	3.67	4	3.33	3	3	3.5	3.33	5	5	5	3.67	4	3.33	3.75	3.33	3.4	3.5	3.2	3	2.8	4	3.33	3.33	1.67	1.5	6	6	5.67
2.33	1	1.67	1.5	1.67	1.5	3.33	2.67	3	3.5	5	6	6	5.5	6	6	4	4	4	3.4	3.5	3.2	2.75	2.4	1.67	1.67	1	1	1	6.33	6	6.33
1.67	2	2.67	2	4	3	4	3.33	3.33	4	4.67	5	3.67	4	4.33	4	4	4	4	2.2	1.75	2.8	1.5	2.4	6	5.67	4	2	1	5.67	6	5.33
2.67	1	4	2.5	3	1	2.33	3	2	2	4.67	4	2.33	4.5	3.67	4.5	3.67	4	3	2.8	3.75	2.8	1.75	2.8	2.33	2	1	3.33	3.5	5.33	5.5	5.67
2.67	2	3	2.5	3.67	2.5	3	2.33	2.67	2.5	4.67	4	4.67	4.5	3.67	4.5	4	4	4	3.2	3	2.8	2	2	3.33	3	3	2	2.5	5	5.5	5.33
4	4	3.67	4.5	5	2.5	2.67	2.33	3	3.5	4	5	4.33	5	3.33	4.5	4	4	4	3.8	3.75	2.6	2.25	3.6	5.67	4.33	3.33	3	2.5	3.67	3	2.67
3.33	3.5	4.33	5.5	4	4	2.67	2	2.33	3.5	2.33	3.5	3.33	3	4.33	4.5	1.67	1.25	1	2.8	2.75	2.6	2.75	2.6	3.33	3.67	3.67	3	2	3.67	5	4.67
4	3	3.67	3.5	4.33	2.5	3	3	3	3	3.67	5	5	5	4	4.5	3.67	3.5	3.33	3.2	3.25	3.4	2.5	3.6	4	3.33	3	3.33	3.5	5.33	6	6
2.33	2	2	2.5	3.67	2	3.33	2.67	2.67	2.5	4	5	5	5	5	4.5	4	3.75	3.33	2	2	1.8	2.25	2.4	6	5.33	4.67	2.33	2.5	5.33	4	5.33
2.33	3.5	3.67	3	2	2.5	3.67	2.67	2.67	3.5	5	5	3.67	3	3.67	4.5	3	3.75	3.33	3.6	4.25	3.6	2.5	3.2	3.33	2.33	2.67	2.33	1.5	5.33	3.5	3.67
2	1	1.33	2	2.33	1	3.33	3.33	3.67	3.5	5	3.5	4.67	3.5	4.33	3.5	3.67	4	4	2.8	2.5	3	1.5	2.4	3	3	1.33	1	1	6.33	6.5	6.33
3.67	2	3	3	2.33	2	2.33	2	2	2	4.67	2.95	5.1	4.5	4.67	4.5	3.67	3.25	3.67	2.6	3.5	2.6	2.5	3	3.33	2	1.33	1.33	1	6.73	6.35	5.67
3.33	4	3.33	4	2.33	1.5	3.67	2.67	2.67	4	3	3	3.33	4	2	4.5	3.33	2.25	3.33	3	2.75	3.8	1.25	3	4	4.33	3	2	3	6.33	6	6.33
2.67	2.5	3.67	4	2.67	2	3	2.33	2.33	2.5	4	4.5	4.33	5	4.33	4.5	4	4	3	3.2	3.5	3	2.75	2.8	4.67	4	2.67	1.67	2	6	6	5
2.67	3	4.33	4.5	3	2.5	3	2	2.67	2	4	2.5	3.67	4.5	4.33	4.5	3	3	2.67	2.6	2.75	3.6	2.5	3.4	4.33	5	4.67	2.33	1.5	4.67	4	6
1	1	2.67	3.5	1	2.5	2.67	3	3.67	3	5	6	6	5.5	5.67	5.5	3.33	3.5	4	2.8	3	1.8	1	1.6	3.67	4	2.67	2.33	1	6.33	5.5	5
1.67	2	4.33	3	3.33	3	2.33	3	2.33	2.5	4	4.5	4.67	4.5	4	5	3.67	4	3.67	2.6	3	3.4	2	2.4	5.67	5.67	3	2.67	1.5	5.33	5.5	5.33
2	1	5	2	3	1.5	2.67	2.33	3.33	3.5	4.33	6	4.67	5.5	4	5	3.33	3	3.33	2.6	2.75	2.6	2.75	2	3	3.33	2.67	1.33	1.5	7	7	6.67
3	2.5	3	5	3.67	4	2.33	2	2.33	4	3.67	4	4	4	4.67	4.5	4	4	4	2.2	2.75	2.4	2	2	4.67	4	3.33	1	1.5	5.67	5.5	5.33
1.67	2	3	3.5	5.33	2	2.67	3	2.67	3.5	5.33	4	4	5	5	4.5	3.67	3.75	3.33	3	2.75	2.4	1.75	3	4	4.33	3	2.67	3	5.33	6	5.67
2	2	3.67	4	3	3.5	2.67	1.67	2.67	2.5	3.67	5	5	5	5	5	3.67	3.75	3.67	2.8	3	3.4	2.25	3	4.33	2.67	3.33	4	3	5.67	5.5	5.67
2	1.5	1.67	1	2.67	1.5	2	2.33	2.67	2.5	4.67	6	6	6	4.33	5.5	4	4	4	2.4	2.75	3	2.25	2.6	2	2.33	1.33	2.33	1.5	6.33	6	6.33
1.6	1	4.33	2	4	3	3	3.33	2	2	4	4	5.33	4.5	5.67	5	3.67	3.25	3	2.8	2.25	3	1.75	3.2	5.67	3.33	5.33	2.67	1.5	7	7	7
2	3	4.67	3	4	1.5	3	2.67	3	4	3.33	2.5	3	2.5	2.67	2	3.33	2.75	3.33	3.6	3.25	3	2.5	3	4	3.67	3.33	1.67	2.5	6.67	6.5	6.33
1.67	1	1.67	2	2.67	1	2.67	3	3.67	3.5	6	6	6	6	6	6	4	4	4	1.8	3.25	2.6	1.5	1.8	2	2.33	1.67	1	1	6.33	7	7
2	2	2	2.5	3	1	2.67	3.67	2.67	2.5	4.33	4	4.33	5.5	4	4.5	3.67	3.25	3.67	2.4	2.5	2.6	2.75	2.4	7	7	5	1.33	1	4.67	5.5	5.67
2	2	3.33	5	2.33	3.5	3.33	2.33	2	3.5	2.33	1	4	2.5	2.33	2.5	3.33	4	3.67	2.6	3.5	3	2.75	3.2	4.33	4.33	3	1.67	2.5	4.67	4.5	4.67
2.67	1.5	2	3	1.67	3	2.67	1.33	2.33	2	5.33	4	4.33	5	4.67	5	4	4	4	2.4	3	2.2	2.5	2.2	2	2.33	2.67	3.67	1.5	6.33	6.5	6.67
3.33	2.5	3.33	4	3.33	1.5	3	3.67	3	3	4	3	4	3.5	5.67	5	4	3.25	3.33	2.6	4.5	3.2	1.5	2.2	1.67	3	1.67	1.67	1.5	6.67	7	7
2.67	2	2.33	2.5	3	3	3	3.33	3.67	4	5	4.5	3	4.5	5	6	3.33	2.75	3	1.4	2	2.2	1	1.6	3.67	2.33	2	1.67	3.5	5.67	6	5.67
1	1	1.33	2.5	1	1	3.67	3.33	3	3.5	4.33	4	3.67	4	4	4	4	4	4	3.8	2.75	2.2	1.5	2.2	2	2.67	2.33	1.33	3	6	4.5	6
2.67	1	1	1.5	1.33	1	4	3.67	3.67	4	5.67	6	5.67	6	5.33	6	3.67	4	3.33	2.8	2.75	2.4	1.25	2.2	2	2	1.67	1.33	1	6.33	6	6.67
2	2.5	3	3.5	3	2	3	3	3	3.5	3	3.5	3.33	3.5	4	4	3.33	3.75	4	3.6	3.75	3	2	2.8	4	4.33	3.67	2.33	2.5	5.33	5	5
2.67	2	4.67	2.5	2.67	2	2.67	2.67	3	3.5	4	5	3	4.5	4.33	4.5	3.67	3.75	3	3	3	3.8	2.75	3.4	4	2.67	3.67	3.67	6	6.33	6	5.67
1	1	2.67	2.5	2.67	2	3.67	3	3	4	4.67	5.5	6	6	5.67	6	4	4	4	2.6	2.5	2.4	2	2	3	3	2.67	2.33	1.5	7	7	7
4.67	3	3	4.5	4	1.5	2	1.67	3	2	1	2	1.67	2.5	4.33	4.5	4	4	4	3.4	4	3	2.75	2.8	4.33	4.33	3	1.67	1.5	6.33	6	7
4	3.5	3.33	3	2.67	4.5	2.67	3	3.33	3.5	2.67	2.5	1.33	2	3.67	5	2.67	3.5	3.67	2.2	2.25	2.4	1.5	2.4	5	4.33	3.67	3.33	2	4.33	5	5.67
3.33	5	6	6	6	3.5	3.33	2.67	3	3	2.67	1	1	2.5	6	6	3.33	3.5	2.33	3.8	4.25	3.2	2.75	2.6	5	6	6.33	1	1	5	6.5	6.33
2.33	2	4.33	4	4.67	3.5	2.33	2.33	2.67	3.5	4	5	5.67	5	5	5	3.33	3.75	3.67	2.4	2.75	3	1.75	2.6	4.67	4.33	4.33	3.33	1.5	4.67	5.5	5
1.33	1.5	3	3.5	2.67	1.5	2.67	3.33	3.67	4	4.67	3.5	3	3.5	3.67	4.5	4	4	4	4.4	3.25	3	1.77	2.8	2	1.33	1.33	1.67	2	7	6	7
2	1.5	2.33	1	1.33	1	3	3	2.67	3.5	4	4	5	4.5	4.3	4.5	4	4	4	2.2	2.75	2.4	2	2	1.67	1.33	1.33	2.67	3	6.67	7	7
3.67	3.5	3.33	3.5	4.33	1.5	3.67	3	3	3	3.33	4	3	3	2	4	3.67	4	3.67	1.8	2.5	2	1.75	2.4	3.33	3.33	3	2.67	1.5	6.67	6.5	6.67
4.33	1.5	4.33	1.5	3.67	1	2.33	2	2	3	3.67	4.5	4.33	6	1	1	3.33	2.5	1.67	3.8	5	4	3.5	4.4	6	5.67	6.33	3.33	4	5.33	7	6.67
2	2	1.33	3	2	3	3.67	3	3	2.5	5	5	5.67	6	5.67	5.5	4	4	3.67	2.2	3	1.8	1.5	1.8	2	1.67	2	1	1	6.33	6.5	7
2.67	2	4.67	5.5	4.33	4.5	3	3	3.67	3	2.33	4.5	4.33	4.5	3	4	3.67	3.25	3	3	4	3.2	2	3.4	6	6	5.33	4	6	5.67	6	6.33
3.67	3	3.33	2.95	1.67	2.65	3	2.33	3.33	3.5	3.33	3.95	3.1	3.25	3.83	4	4	4	4	2.8	3	3.2	1.88	2	1.67	2	2	1.67	2	5.67	4.5	4.33
1.93	1	1.33	1.5	3	2	3	2.33	2.33	4	3.33	2	3.77	3	4.67	3.5	2.33	3	2.67	4.4	3.75	3.2	2	1.6	3.33	3.67	4	5	2.5	5.73	5.5	5.13
2	2.5	5.33	4	3.67	4	3	2.67	3	3	3	4	3.67	3	4.33	3.5	3.33	3	3	2.8	3.5	3.2	3	3.6	4	3	4	3.67	2	4.67	5	4.33
2.67	1.5	2.67	3.5	3.33	1.5	3.67	3.33	3	3	4.33	4	4.37	4.5	4.33	4.25	3.67	4	3.67	2.4	2.5	2.6	2	2.4	4.33	4	3	1.33	1.5	6.33	7	5.33
3	2	3.67	5	3.33	3	1.33	1	1.33	1.5	5	5.5	4.33	4.5	6	5.5	3.67	2.75	2.33	3.6	3	3.2	1.5	3	6.33	6	5.33	5	6	5	5.5	5.33
1	1	1	1	2	1	3.67	3.33	3.33	3.5	3	6	6	6	5.67	5.5	3.67	4	4	1.8	2.25	2.6	1.75	2.2	3	2.33	3.33	1.33	1	5.33	7	5.67
5	1	3	3	2.23	1.5	3.33	3.33	4	3.5	2.67	6	6	6	3	3.5	4	3.42	3.33	3	3.25	3.4	2.5	3	2	2	2	1	1	6.5	7	5.33
1	1	1	1	1.67	1	3.67	2.67	3.33	3.5	4.67	6	4.33	6	5.67	6	4	4	3.33	3.6	3	2.6	1.75	2	1.67	2.67	1.67	1.33	2	6	5	5.67
2.33	1.5	2.33	2.5	2	1	3.33	1.67	3	3.5	4.67	6	5.67	5.5	5.33	5	4	4	4	2.74	3	2.48	1.63	2.04	3.33	2	1.67	1.33	1	6.67	7	7
2	1.5	4	2.5	5	1.5	3.67	3.33	3	3.5	2.67	4	4	4.5	4.67	4	3	3.75	3	3.4	4	3	2.25	3.8	5.67	5	4.33	3.67	1.5	5.33	6	5.33
2.33	3	3	3	4	2	3	2.67	3	3	4	4	5.67	5	4.33	5	4	4	3.33	3.6	3.5	3.6	2.25	2.8	5.67	3.67	3.33	1.67	2.5	5.67	6	5.67
1.67	1.5	2	1	1.33	1	3	2.33	3	3	4.67	5.5	5.67	6	5	5.5	3.67	3.75	3.33	3.4	2.75	3	2.25	2.6	2.33	3.33	2.33	1.67	3	4	5.5	4.67
2.33	1.5	3.67	4.5	2.67	1	3.67	2.87	2.97	2.85	4	3.5	5.33	4	5.33	5	4	3	3.33	2.8	2.25	2.8	2.27	2.6	2.67	2.67	2.33	3	5	5.67	6.5	6.33
2.67	4	3.33	3.5	4	2.5	2.33	1.67	2.33	1.5	2.33	3	2.67	2.5	3.33	2.5	3	3.5	3	2.8	4.25	3.4	2.5	2.6	3.67	3.33	3	2.67	3.5	4.33	3	3.67
4	1.5	2	2.5	2	1	2.33	1.33	1.67	1.5	3.67	3.5	4	5	4	5	3	2.5	2.33	2.6	4	2.8	1.75	3	5	5	5.33	4.67	6	4	4.5	4.67
2	2.5	2	3.5	3.33	4	3	3	3	3	5	4	4.67	4.5	5	5	3.67	3.25	3.33	2.8	2.25	3	2	2.8	3.33	3.33	3.33	3	2	6	5.5	5
3.33	4.5	3	4.5	5.33	2	3	3	3	4	2.67	1	1	2.5	5.33	3.5	2.67	3.75	3	3.2	3.5	3.6	2.25	3	7	6.67	6.67	2.67	1	4.67	6	7
1.67	1.5	2.67	2	3	2.5	2.33	1.33	2.67	2.5	4.33	5	5.67	5	5	5	4	4	4	3	3.25	2.2	1.75	2	5	4	3.67	1.33	2.5	5.33	5.5	5.33
1.33	1	2.67	2	1.33	1	3.33	3	3.67	3	5	5	5.33	5.5	5.67	5.5	3.67	3.75	3.67	2.8	3.75	3.36	2	2.8	2	2	2	1.33	1	7	6	6
1.67	2	4.33	4	4.67	3.5	3	2.67	3	3.5	4.33	4.5	4.67	5	5.67	4	3.33	3	3	4.4	3.25	3.8	2.5	4	5.33	5.67	4	2	2.5	5	6	5
1.33	1	1.33	3	2	1	4	2.67	3.33	4	5.67	6	6	6	5.67	6	4	4	4	2.6	3.5	2.6	2.75	2.2	3	2.33	2.33	1.33	1.5	6.67	7	6.33
2	2	4.33	3	3	2	3.33	2.33	3	2.5	4	5	4	4.5	4.33	5	3	3	3	2.6	3.25	2.4	1.75	2.2	3	3.33	3	1.67	3.5	6	6.5	6.67
1.33	1.5	1.67	1	1	1	3.33	3.33	3.67	3.5	3	4	3.67	3.5	4	3.5	3.67	3.5	3.33	3.2	2.25	2.6	2	2.4	1.33	1.67	2	2.33	1	6.33	6.5	5
1	1.5	2.33	2	3.33	1.5	3.67	3.33	2.67	4	4.67	6	6	6	5	5	3.67	4	3.33	4	3	3	2.25	2.4	4.67	4.67	3	2.33	2	6	6	6.33
4.67	4.5	6	6	4.33	3	2.67	2	2.67	2.5	2.67	2.5	3	4.5	5.33	5.5	3.67	3.75	2.67	2.2	2	3.2	2.5	3	4	4.33	4.33	4.33	1	4.33	5	4.67
2.33	1.5	2.33	3	4	1.5	2.33	2.33	2.33	2.5	4.33	4.5	5.67	3	5	6	3	3.25	3.67	3	2.75	2.8	2.75	2	4.33	4.33	3.67	3.67	2	5.67	6	7
4.07	3	3	2	4	3	3.33	3.33	3	3.5	3.33	1	4.33	4	3.33	3	4	3.25	3.33	3.4	2.75	3	2.5	3.8	4.33	3.33	3	2	2.5	5.67	7	5
1	1	4.33	3	3.67	1.5	3.33	2.33	2.67	2	5.67	6	5.67	5	6	5.5	4	4	4	3.8	3.75	3	1.5	2.6	4	3.33	3.67	4.33	4	6	6	5.67
2.33	1.5	1.67	2	2.67	2	3	3	2.67	2.5	5.33	5	5	5	5	5	3	3.75	2.33	2.2	2.5	2.2	1.75	2	2.67	2.67	2	1.33	1	5.33	4.5	5.47
2	1.5	2.33	2.5	2.67	1.5	4	2	2.67	2.5	3.67	4.5	4	4	3.33	3.5	4	4	3.33	2.8	4	3	2.75	2.4	3	3.33	3	3.67	1.5	6	5.5	4.67
2.33	1	2.67	2.5	2	1	3.67	2.67	3	4	4	5	4.67	5	3.67	4	3.33	3.75	3.67	3	3.5	2.2	2	1.6	3	3.67	4	3.67	1	5	5	5.67
2	1.5	4.67	4	4	3.5	2.67	2.33	2.67	4	4.67	2	1.67	2	5.67	4.5	3.67	4	4	2.8	3	2.8	1.5	2.6	4.33	5	5.67	3	3	6.33	6.5	5.33
3.33	2.5	3.67	2.5	4	2	2.67	3.33	3.33	3.5	4.33	5	5	4.5	3.67	4	3	3.75	3.67	3.2	3.5	3.2	3	3.4	5.33	4.67	4	3.33	4	5	5	5.33
1.33	1	1	3.5	1	1	3.33	3.33	3	3.5	5.33	6	6	6	6	6	4	4	4	2.4	2.5	2.4	2.5	1.6	3.67	3.33	1.33	2	1	6.67	6.5	7
1	1	2.67	3	2.67	1	3.33	2.67	2.33	3.5	4.33	6	3.33	6	2.67	5.5	3.67	3.5	4	2.6	3	3.4	2.75	1.8	4.33	3.33	2.33	1.67	2.5	7	7	6.67
2.67	1	4	6	4	6	2.67	2.67	2.33	4	4.67	3.5	2.67	3.5	6	6	4	4	4	2.2	4.25	2.8	2	2.4	4	4.67	4.33	2.33	1.5	7	7	7
2	1.5	3	2	2.67	2	3	3.67	2.33	4	4.67	5	4	4.5	4.67	4.5	4	3.75	4	2.6	2.75	2.4	2	2.4	5.67	5.67	4.67	3.67	4	6.33	5.5	6
3	2	4.33	3	3.33	3.5	3.57	2.87	3	3.05	3.33	3.5	4	4	5.67	5.5	4	4	4	2.6	3	4	3	3.4	3.67	4.67	5.33	3.33	1	5	6	6.33
4	1.5	1.33	1.5	2.67	1.5	2.67	3	3	2.5	3.67	4.5	3.43	4.25	4.83	5	4	4	4	3.4	3.25	3	3	3	5.33	3	2	1.67	2	6	6	5.67
1	1.5	3	2.5	1.33	2.5	2.67	2.33	2.67	3	4	6	5	5	5.67	5	3	3.5	3.67	3.2	2.75	2.8	2.25	3.2	3.33	2.33	2.33	2.33	2	5.67	6	4.67
1.67	1.5	3.33	3.5	2.67	3.5	3.33	3.67	3.33	4	5	2	4.67	5.5	5.67	5.5	3.67	3.5	3.33	2.2	3	3.4	1.25	2	4	3.67	2.67	1	1.5	6.67	7	6.67
1.33	1.5	3	3	3.33	1.5	3.33	3	2.33	2	2.67	2	3	4	3.33	4.5	3.33	4	4	2.6	2.25	2.4	2	2	3.07	3.47	3.17	1.33	1	6.17	6	5.33
1.67	1.5	2.67	2	2.67	1	3	3.33	3.67	2.5	5	6	5.67	5	5.67	6	4	4	4	3.2	2.75	2.6	1.75	2.8	3.67	2.67	3.33	1.67	1	6.33	6	5.67
4	3.5	5	4	5.67	3.65	2.67	2.33	2.33	2.5	1.67	1	2.33	1.5	5	5	4	4	4	3.2	2.5	3.4	3	3	6	5.33	5	5.33	2	6.33	6.5	6.67
2.67	2	3.33	3.5	3.67	2	2.67	2.67	2.67	2.5	5	5	5	5	5	5	4	4	4	3.2	3.5	3.4	1.75	1.8	3	2	2.33	3	1.5	6.33	6	4.67
3	1.5	1.67	2.5	3.67	1	2.67	3	3	3	4.67	6	4.33	4.5	5.33	5	4	3.75	3.33	2.6	2.75	2.6	2.5	2	6.33	5.67	4	3	2.5	5.67	5.5	6.33
2.67	1.5	2.67	3	5	2.5	2.67	2.67	2.67	3	4.33	3	4.33	4	4.67	4.5	3.33	4	3	3.2	2.5	2.2	2.25	2.4	5.67	4.33	4	3	3.5	5.67	6.5	7
3	2	2.67	3.5	2.67	2	3.33	2.67	3	2.5	4	2.5	1.67	3	5	4.5	4	4	4	3.8	4.5	2.4	3	2.2	3.33	4	2	1.67	2.5	7	7	6.33
1.33	2	3.33	5	3.67	5.5	3	2	2.33	1.5	3	5.5	5	5.5	5.67	5	3.67	3.75	4	3.4	3.25	3.2	3.5	3.6	5	4	4.33	2	2	6	6	6.33
1.67	1	2	3	1.67	1	2.33	2.67	3.33	3	2.67	4.5	5.67	5	4.33	4	3.67	4	4	3.8	3.25	3.2	3	3.4	5.33	3.33	2	3.33	3	6.33	4.5	3.33
1.67	1	1.67	1	2	1	3	3	3.33	3.5	4.33	6	6	6	5.67	6	3.67	4	3.67	2.94	3	2.48	2.63	2.44	1.67	1	1.67	1.67	1.5	6.33	4.5	5.33
3	1.5	3.67	5	3.33	3.5	3	2	3	1.5	5.33	2.5	2.33	2.5	2.67	3.5	3.33	4	2.67	3.8	3.5	2.8	2.5	2.8	4	5.67	4.33	5	4	2.67	4.5	6
3.67	2	2.33	2.5	3.67	3	4	3.33	3	4	4.33	5	5.1	5.5	4.83	4.5	3.33	3.25	3.33	2	2.75	2.4	2.02	1.8	2.33	1.67	2.33	1.33	1	6	6	6.67
1	1.5	2	2.5	3.67	2.5	2.33	2	2.67	2.5	3.67	2.5	2.33	3	5	5	4	4	4	2.8	2.75	2.4	2	2	5.33	4	3.33	2.33	1.5	6	6	5.67
1.67	1.5	3	1	3.67	1.5	2.33	2.33	3.33	3	3.67	5	5	5	4	4.5	4	4	4	3.94	3.4	3	2.47	2.44	3	3	3	1.67	2.5	7	7	7
1	1	1	3.5	2	1	3	2.33	3.33	3	5	4	4	4	4.67	5	4	4	4	2.2	2.75	2.4	1.5	1.6	4.67	3.33	3.67	1.67	1.5	6.33	6.5	7
2	2	3.33	5	4.67	3.5	3.33	3.67	3.33	3.5	3	5.5	3.67	4.5	4	3.5	3.67	4	4	3	2.75	2.8	2.25	1.8	5.33	5	5.33	2	4	4	5.5	6.33
2.33	3	3.67	5	3.67	3	2.67	3	3	4	1.67	3.5	3.5	3.25	4	4.5	4	3.75	3.67	2.2	3.25	2.72	2	2.6	6.67	7	5.67	1.33	1	6.33	7	7
2.33	3	4.33	4	6	4	3	3	3.67	3	3.33	6	4	5.5	1.67	4	4	3.75	4	2.6	3.25	3.8	2	2.6	5	3.67	3.33	1	1.5	6.67	6.5	6.67
1.33	1	1	1	1	1.5	3.67	3.33	3	4	4.33	5	4.33	5	5.33	5.5	4	4	4	3.8	3.5	2.8	1.25	2	2	3.33	1.67	1.33	1	6	6	6.33
3.67	3	4	4.5	5	5	1.33	1.33	2	1	1.67	1.5	2.33	2	4.67	4.5	2.33	2.25	2.33	3.4	3.75	3.4	3.5	3	5.67	5	5	2.67	3	4.33	4.5	5.33
1.67	2	2.33	4	4.67	1	2.67	2.33	2.67	2.5	3.67	2	4.67	3.5	5.67	5.5	3.67	4	4	3.2	3.25	2.2	2.25	2	3.67	3.33	3	2	2	5.67	6	5
1.33	1.5	3	2	3	1.5	3	3.33	3	3	4.67	5	5.67	4.5	5	4.5	4	4	4	3	3.5	3.4	2.5	2.2	1.67	2	1.67	1.67	2	7	7	6.67
3.67	3	3.67	4	5.67	4	2.33	2	2.67	2.5	2.67	3	2.67	3	4.33	5	3.33	3.25	3.67	3.2	3.5	3	2.25	2.8	4.67	5	5.67	3.67	3.5	4	3.5	3.33
3	1.5	3.67	3	2	2.5	2.67	2.33	2.33	3	4.33	3	4.33	3.5	4.67	4	4	3.5	3.33	2.4	2	3.2	1.75	1.8	3.33	3.67	2.67	3.33	2	6	6.5	6.33
2	2	2	2	2	2	3.67	3.67	3	3.5	4.67	5	5	5	5	5	3.67	4	4	3	3.5	2.8	2.25	2.6	3	3	2.33	2.33	4.5	5.33	2	5
2.67	2	2.67	3	4.33	3	3	2.67	2.67	4	4.67	6	5.67	6	5	5.5	4	4	4	2.8	2.5	2.6	2.25	2.4	5.33	4	3	1.33	1	5.33	6	7
2.67	1	1	1	1	1	2.67	3	3.33	3	6	6	5.67	6	6	6	4	4	4	1.8	2.25	2	2.75	1	2	1.67	1.33	1	1.5	6.67	6.5	7
1.33	1	3	3	1.67	1	3.57	2.37	2.33	2	5.33	6	6	6	6	6	4	3.75	4	2.2	3.5	3	1.75	3.2	2.67	3.33	2	1.67	1	5.67	6.5	5.33
1.67	3	2	2.5	2.67	1.5	2.33	2.33	2.67	2.5	4.33	4	4	4.5	4.33	5	3.67	3.75	3.67	2.4	2.75	2.6	2.25	2.4	3.67	3	2.67	3	2.5	6.07	5	5.67
2.33	2	2.33	4	5.33	2.5	2	2.33	2.67	2	3	2.5	3.33	3.5	3.33	3.5	2.67	3	2.67	4.2	3.5	3.6	2.75	3.2	6	5.33	4.33	1.67	3	4	3.5	4.33
2	2	2	2	2.33	3	2.67	2.33	3.33	2.5	5	5.5	5.67	5	5	5	3.67	3.25	3	3	2.75	2.6	2	2	3.67	3	3	2	1	6	6	6.33
2.67	2	2.67	4	3.33	3.5	2	3	3	3	3.67	4	5	4.5	4	4.5	3	3.75	3.67	2.4	2.5	2.6	2.25	2	5.67	4.67	4.33	2.33	1	6	7	7
2	2.5	3.33	4	3.33	2	3	2	3	3	4	5	4.67	4.5	3.67	4.5	3.33	3.5	3.33	2	1.5	1.8	1.25	1.4	5.67	4	4	4.67	3	5	5	3.67
3	3	4.67	4.5	4.67	2.5	2.67	3.33	3	4	2	2	1.33	2.5	2.67	3.5	3.67	4	4	2.8	3	2	1.5	1.8	6.67	5.5	6	2.67	2.5	4.33	6	6.67
3	3	4	4	3.67	3	2.67	2.67	3	2.5	3.67	4	4	3.5	3.33	3.5	3	3.5	3.33	3.2	3.75	3.2	3	3	2	5.33	4.33	1.67	2	5.27	3.5	4.13
3	1.5	1.33	3.5	2	2.5	2	3.67	3	4	4	2.5	4	3.5	3.67	4.5	4	4	3.67	2.4	3	3.2	3.5	2.6	2.67	2.33	2	1	1	6.67	6.5	4.33
2.33	2	3	3.5	4	2.5	3.67	2.67	3.67	4	4.33	5	5	5	2.33	2.5	3.33	3.25	3	3.4	2.5	2.8	1.77	2.98	5.33	4.33	4.67	2	1.5	6.33	6	6
4	3	2.33	3	2.67	2.15	2.67	2	2.67	3.5	3.33	2.5	4.1	4.25	4.67	4.5	4	4	3.67	2.6	3.75	3.2	2.25	2.4	3	3	2.33	2.67	2.5	6.33	5.5	5.33
2	1.5	3.67	3	5.33	2	3.33	2.67	3	3.5	2.67	3.5	2	3.5	4.33	5	2.67	3	3.33	2.4	2.75	2.6	1	2.4	5.33	4.67	3.67	2	2	5.67	7	6.67
3	3	4.33	3	4.33	3.5	2.33	3.33	2.67	3	4.33	3	2	3.5	3.67	4.5	3.33	2.25	2	3	3.75	2.8	2.75	3.4	6.67	5.67	5.67	2.67	2.5	6	6.5	5.67
2	2	5.67	5.5	5.33	1	2.33	2	2.67	2	1.67	3	3.33	2.5	3.67	3.5	3.67	4	3.67	3	4	3.2	2	2.4	3	3	1.67	2.33	2.5	6	6	5.67
3.33	3	5.33	4	1.33	1.5	3.67	3.67	3.67	4	3.33	4.5	3	3.5	4	4	4	3.75	3.67	2.8	3.25	3	2.25	2.6	1.33	2	2	1	2	6.33	6	7
2.33	2.5	2	5	4	2.5	3.67	3	3	3	3.57	3.3	3	3.5	5.33	6	3.67	3.25	3	2.6	2.5	2	1.77	1.9	6	5	4.67	2.67	1.5	5	6	4.33
3	4.5	3.67	5	4.67	4.5	2.33	1.33	2.33	1.5	2	1	1.33	1	5.33	6	3	3.25	2.33	3	2.5	3.2	2.75	3.8	4.67	4.67	5.67	4.67	5.5	2.67	4.5	4
2.67	3	1.67	3.5	4.33	3	2.33	2.67	2.33	3	3.33	3.5	4.67	4	4.33	4.5	3	2.75	2.67	3.8	3	3	2.75	3.2	4.67	5	3.33	3	4	4.33	5.5	5
2	1.5	3	3	3.33	2	3	3	2.67	3	5.67	5	5.67	5	5.33	5.5	4	4	3	2.8	2.75	2.6	2	3	3	1.67	2.33	1	1	6.67	6.5	7
2.33	1.5	1.67	5	4.67	3	3	3	2.67	3.5	3.67	4	4.67	4	4.67	4.5	4	3.5	3	1.8	3	2	2	1.4	5	3.67	3	3.67	2	5.33	6	6.33
1	1	1	1	1	1	3	3	3	3.5	4.67	6	4.67	4	4.67	3.5	4	4	4	1	1	1.4	1	1	1.67	1.67	1	1.33	1.5	7	7	6.33
1.33	1	2.33	1.5	2.33	1.5	4	3	3.67	3	4.67	5.5	6	5.5	5	4.5	4	4	4	2.6	4	2.2	1.5	1.8	2.33	3	1.67	1	1	6.67	6.5	6.67
2	2	3	2	2.67	2	2.77	2.87	2.93	2.7	3.67	5	5	5	5.33	5	3.67	3.5	2.67	3	2	3	1	1.6	3.67	2.33	3.33	2	3	6	5.5	7
2	2	2.67	2.5	4.67	1.5	3	1.67	2	3.5	3	3.5	4.33	4	5	4.5	3.67	4	3.67	2.6	2.25	2.8	2.27	2.3	4	4	4.33	1.33	1.5	4.33	5.5	5
1	1.5	4	2	3.67	1.5	4	3.67	3.33	3.5	2.33	6	5.67	6	2	3	3.33	3.75	3.67	3.4	3.25	3.6	2	3.2	5	3.67	1.33	1	1	7	7	6.33
1.33	1.5	2.67	2	2	2	3.33	3.33	3	3.5	5	6	5	5.5	5	5.5	4	4	4	2.8	2.5	2.2	2	1.4	2	2.33	1.67	1.33	1.5	7	6.5	6.33
2	1	3	3	1.67	4	4	3	3.33	3.5	3.67	4.5	6	5.5	6	5.5	4	3.5	4	4	3.5	3.2	3.5	3	4.33	3.33	1.33	1.33	1	6	6.5	6.67
1.33	1	3.33	5	4.67	3	2.33	2	3	2.5	4	4	3	3.5	4.67	4	3.67	2.5	2.67	3.4	2.5	3.2	2.5	3.6	6	6	6	6.33	6	5.33	6.5	6.33
3	2	4.33	2	3	3	2.67	2.33	2.67	3.5	4.33	6	4.1	5	4.33	3	3.33	3.75	3.67	4.2	3.75	3.4	3.75	3.4	4.33	3.33	2.67	3	1.5	5.33	5.5	6
1.33	1	2.33	1.5	3.33	3	4	3.67	3	3.5	5.67	6	6	6	5.67	6	4	4	4	2.2	2.25	2.6	2.25	3	2.67	2	2	2.67	1	6.33	6.5	6.67
2.67	4	4	2.5	3.67	3	3	3	2.33	3	4	4.5	4.67	5.5	4.67	5	3.67	4	4	3	3.25	3.4	2.75	4	6	5.33	5.67	1.67	1	6	5.5	5.67
2	4.5	4	4.5	4.33	3	3	3.33	3.33	4	2.67	2.5	3	3	3.67	4.5	3.67	3	2.67	3	2.75	2.8	2.75	2.6	3.67	3	1.67	1.67	2.5	4.67	5	4.33
1.67	1.5	3.67	2.5	4	4.5	4	3.33	2.67	4	4.67	4.5	4.33	4.5	5.67	4.5	3.33	4	3.67	3	2.5	3	1.75	2.6	4.33	4.33	2	2	1.5	6	4.5	6.33
3.4	4	5	5.5	5.33	5.5	3.1	2.87	2.93	3.7	2.67	6	5.33	5.5	6	5.5	4	4	4	2.6	3.25	2.8	2.25	3.2	3.67	3	2.67	1.33	1	6.33	6.5	6.33
3.33	2	4	2	2.33	1.5	3	1.67	3	3	2.33	1	1	2	5.67	6	3.33	2.75	4	3.2	2.5	3.2	1.25	2.2	4.67	5	2.33	3	2	5	7	4.67
3	3	4	4	4	4	2.67	2.67	3	2.5	3.33	4.5	4	4.5	4	4	3.33	3	2.67	2.8	2.5	2.2	2.75	2.4	5	5.67	6	4	5.5	6.33	6	6
1.67	1	3.33	6	3.67	3.5	1	1.33	2	1	4	6	5	6	5	6	4	3.25	3.33	2.6	3.75	3.2	2.25	2.6	7	6.67	7	5.67	6.5	4.67	4.5	6
4.33	2.5	3.67	4.5	3.33	2	2.33	2	3.33	2	3.67	3	3	2.5	5	5.5	4	4	4	3.6	3.75	2.4	3	2.6	4	4.67	3.33	1.67	3	6.4	5	4.33
2	2	2.67	3.5	2.67	1	3	2.67	2.67	4	4.33	5	3.67	4	3	4	4	3.75	3.33	3.2	3.75	3.2	2	3	3.67	3.33	4	2	1.5	4	6	6.33
2.67	2	3	2	3	1.5	2.67	2	3.33	2.5	4.67	3	4	4	4.33	5.5	3.33	3.75	3.33	2	2.25	1.6	1.5	1.4	5	2.67	2.67	2.67	1	6.33	6.5	7
1.67	3.5	4	4	2.67	2	3.33	3.67	3.33	4	4	5	4.33	5	5	5	2.67	3.25	3.33	2.6	2.25	3.2	2	2	3	2.33	1.67	2	2	5.33	5.5	4.67
1	3.5	4.33	5	5.67	1	2	2.33	2	2.5	3.67	1.5	3.67	2.5	3.67	4	3.67	3.75	4	3.8	2.75	2.8	2.25	2.8	3.33	3.67	2	2	2	6	5.5	5.67
2.33	1.5	2.67	3.5	4	3	2.67	2.33	3	3	4.33	4	4.33	4	5.33	5	3.67	3.5	3	3	3.25	2.8	2.25	3	3.67	3.67	3.33	3.33	2	6.33	7	6
1.33	1	2	1.5	1.67	1	3.67	2.67	3.67	4	5.33	5	6	6	5.67	5.5	4	4	4	3.4	2.25	2.4	1.52	2	2	2	2	1.33	1	5.33	5.5	6
2.67	1.5	3.33	4.5	5	3.5	2.67	3.33	3.33	4	3.67	5	5.33	5.5	4.67	4.5	3	3.25	2.67	3.8	3.5	2.4	3	3	6	5.67	5.33	3	2.5	5.33	5.5	5.67
2	3	4	4	4.67	3.5	2	2.67	3	2.5	2	1.5	3.33	3	4.33	3.5	3.33	3.75	2.67	2.8	3.75	3.2	2.5	3	4.67	4.33	5.33	3	3	4.33	5.5	4.33
2.33	2	5	5	4.33	3	2	2.67	2.67	2	1.33	1	3	3	1.67	2.5	3.33	3.25	2.67	2.8	2.75	2.6	2	2.2	6	5	5	4	4	5.33	6	6.33
2.33	4	2.7	3	3.33	3	2.67	3	2.67	2.5	3.33	5	3.33	5	3.67	4.5	3	3.75	3	3.4	3	3.6	3.5	3.2	2.67	4.33	2.67	4.67	3.5	5	4.5	5
2	1.5	2	3	4	2	2.67	2.67	2.67	1.5	3.33	4.5	4.33	4	3.67	4	4	4	3.67	2.8	2.75	2.4	2.5	2.8	2	2.67	2.33	3.67	2	6.33	6.5	6.67
1.33	1.5	1.67	3	2	1.5	2.67	3.33	3	3	5	5	5	5	5.33	4	3.33	3.85	3	3.2	3.75	3.2	1.75	2.2	4	4.33	3.33	2	2	4	5	4
2	1.5	3	2	1.33	1	3.67	2.67	3.33	3	4	5.5	4.67	4.5	4.33	5	4	4	4	3.2	2.75	3	1.75	1.6	3	3	2.33	2	1	7	7	7
1.67	1	1	1.5	1	1	3.67	3.33	3.33	3.5	5.33	3.5	2.67	3.5	3.67	4	4	3.25	3	2.8	3	2.4	2.25	1.4	1.67	2.67	1.67	2	1	6	6	6.33
1.33	1	2.33	2.5	3.67	3	3.33	2.33	2.67	2.5	4	4.5	4.67	4.5	5	5	3	3.25	3	2.8	3	2.8	1.75	3.2	4	3.67	3.67	1.67	3	6	7	4.33
3.67	1.5	3.67	3	2	2	3	3	3	4	4.33	5.5	4.67	5	5.33	5	4	4	4	3.6	3.75	3.2	2.75	2.6	2	3	1.67	2	2	4.67	6.5	6
2	1.5	2.67	2	2.33	2	3.67	2.67	2.67	3.5	5	5.5	5.67	5	5.33	4.5	3.33	4	3.33	2.6	3.25	3	2.25	2	2.33	3	2	1.67	1.5	5.67	5.5	5
3	2	3	3.5	4	1.5	3.67	3.33	2.67	3.5	3.67	4.5	5.33	5.5	3.33	3.5	3.67	4	3.67	1.8	3	2	1.75	1.6	5	5	2.33	2	2.5	6.33	6.5	6
3	2	2	2	4	2	2.67	2.33	2.33	2	3.67	4	4.67	5.5	4.67	5.5	4	4	4	3	3.5	2.2	2	2.8	5	4.67	4.67	2	1	5.67	6.5	5.67
2.67	1.5	2.33	1.5	3.67	1	2.33	1.67	2.33	3.5	5.67	5	5.67	5	5.67	5	3.67	3	3	3.6	3	2.6	2.25	2	5.67	6	4	4.67	7	5.33	5	4.33
2	2.5	3	3.5	3	2	3	2.67	3.33	3.5	3	3	4.33	4.5	4.67	4.5	4	4	4	2.6	2.25	2.8	1.25	1.6	4	2.67	2.33	1.67	2	5.67	6.5	6
1	1.5	2.33	1.95	2.67	1	3.33	3.67	2.67	3.5	4.33	6	4	4.5	5.67	4.5	4	4	4	3.6	3	3.4	1.77	2.4	5	4.67	4.67	1	1	6.33	7	7
2.33	1.5	3	2	2	1.5	3	2.33	2.67	3	5	5.5	5.33	5	4.67	5	4	4	4	2	2.5	2	1.25	1.8	1.67	1.33	1.67	1.33	1	6.67	7	7
1.33	1.5	4.33	4	5.33	3	2.67	2.67	3	2.5	5	5	5.33	5.5	5.67	5.5	3.33	3.25	2.67	3.2	2.75	3.6	1.75	2.4	4.67	4	3	1.33	1	4	5.5	5
4.33	2.5	3.67	3	4.67	2.5	2.33	2	2.67	3	3.33	3.5	4.33	4	4	3.5	3.67	3.75	3.67	3	3.5	2.4	2.25	2.8	5.33	3.67	3	3	3	6	6	6
2.67	3.5	2	2	2	1.5	3.33	1.67	3	2	4.67	5.5	5	5	3.67	5	4	3.25	3.67	2.4	3.25	3	2.5	3	2.67	3	1.67	2	2	5.33	5	4.33
1.67	1.5	2.67	3.5	3.33	2	3	2	2.67	2	3.33	4	5.33	5	4.33	4.5	4	3.5	2.67	2.6	3.25	2.8	1.75	2.6	5	4.33	4.67	4.33	4	6	6	6
3.33	3	4.67	4.5	4.33	3	2.67	2.33	2.67	3	4.67	5	4.33	4	4	4	3.67	3.25	3.33	2.6	3.25	3.2	3	3.4	3.33	2.33	3	1.67	1.5	5.67	6.5	7
4	4	2.33	3	3.33	3.5	3	3	3	2.5	4.33	5.5	5.67	5.5	5.33	5	3.67	3	3.33	2.8	3.75	2.8	2.5	3.2	3.67	3.33	3	3.67	3.5	6	5.5	6
2.33	2	3	1.5	2.33	2	3	3.67	3.33	4	2	6	3.67	5.5	3.67	4	3.67	3.25	3.33	2.6	3	2.4	1.25	3	3	3.67	2.33	1	1	6	6.5	6.67
2	2	2.67	3.5	3.67	2.5	3.33	2.67	2.33	2.5	5.33	5	5.33	5	4.33	4	3.67	3	3.33	2.8	4	3.2	2.5	2.2	4	2	1.67	2.67	2.5	6	5.5	5
1.67	1	1	1.5	2.67	1.5	3	2.67	2.67	4	4.33	6	6	6	5.33	5	3.67	3.5	3.33	4	3.75	2.7	1.5	2.8	4.33	4.33	2.33	2	2.5	6	7	6.67
2	3.5	2.7	3.5	4	4	2.33	2.67	2.33	2.5	3.33	3.95	5	4.5	4.67	3	3.33	3.5	3.33	3.8	3	3.2	2.75	3.4	5.33	4	3	2.33	1	6	5.5	5
2	2.5	4.67	5.5	5.33	6	2.33	2.33	3.33	2.5	3	2	1.33	1	3.67	3.5	3.67	3.75	3.33	3.2	2.75	3.2	2.75	4	6.33	6.67	6	4	1.5	5.67	6.5	6.67
3.27	2	1.67	2.5	2.33	1.5	3	3.33	3.33	3	4	5	5	5	3	4.5	4	4	4	2.6	2.5	2.6	1.5	2.2	2.67	4.67	2.33	1.33	1	7	7	7
2.67	2	2.67	2	3	2.5	3	2.33	2.67	3	4.67	4.5	5	5	4.67	4.5	4	4	4	2.4	3	3	2.5	3	1.33	1.67	1.33	1	1	6.67	4	7
3.33	3.5	3.67	3.5	4	3.5	2.33	2.67	2.33	2	4.33	4.5	4.33	4	4.33	4	2.67	2.5	2.33	3	3.25	3.2	2.75	3.4	5.33	5	5	4.67	4.5	4	3.5	6
2	2	3	2.5	2.67	2	3.67	2.67	2.67	2	4.67	4	4.33	4	4.33	5	4	3.85	4	2.6	3	3	2.25	2.4	3.67	3.67	3	2.33	2	6.33	6	6
